t, psi, phi, theta
0.0, 0.0, 0.0, 0.5776
0.0001001001001001001, 0.0006239461109367947, 0.0003144880289930216, 0.5776092246277623
0.0002002002002002002, 0.001247847507398559, 0.0006290332132992944, 0.5776368987457681
0.00030030030030030034, 0.0018716594891568128, 0.0009436926957674967, 0.5776830230573947
0.0004004004004004004, 0.002495337384469454, 0.0012585235943240421, 0.5777475987349457
0.0005005005005005005, 0.0031188365643055956, 0.0015735829895311276, 0.5778306274196622
0.0006006006006006007, 0.003742112456548426, 0.0018889279121677668, 0.5779321112217386
0.0007007007007007008, 0.00436512056016877, 0.002204615330841449, 0.5780520527203433
0.0008008008008008008, 0.004987816459362101, 0.002520702139638019, 0.5781904549636441
0.0009009009009009009, 0.005610155837641776, 0.0028372451458173417, 0.5783473214688365
0.001001001001001001, 0.006232094491881275, 0.0031543010575622848, 0.578522656222178
0.0011011011011011012, 0.0068535883462983675, 0.003471926471788472, 0.5787164636790255
0.0012012012012012014, 0.007474593466374069, 0.0037901778620222375, 0.5789287487638769
0.0013013013013013013, 0.008095066072699416, 0.004109111566354124, 0.5791595168704168
0.0014014014014014015, 0.008714962554743093, 0.0044287837754752105, 0.5794087738615659
0.0015015015015015015, 0.009334239484533075, 0.004749250520803458, 0.5796765260695335
0.0016016016016016017, 0.009952853630245478, 0.005070567662707206, 0.579962780295874
0.0017017017017017019, 0.01057076196969397, 0.0053927908788328465, 0.580267543811546
0.0018018018018018018, 0.01118792170371312, 0.005715975652543587, 0.5805908243569747
0.001901901901901902, 0.011804290269429214, 0.006040177261476162, 0.5809326301421177
0.002002002002002002, 0.01241982535341218, 0.00636545076622219, 0.5812929698465317
0.002102102102102102, 0.013034484904702362, 0.0066918509991407745, 0.5816718526194425
0.0022022022022022024, 0.013648227147705994, 0.007019432553308857, 0.5820692880798181
0.0023023023023023025, 0.01426101059495339, 0.007348249771615662, 0.5824852863164405
0.0024024024024024027, 0.01487279405971396, 0.007678356736007465, 0.5829198578879822
0.0025025025025025025, 0.015483536668462337, 0.008009807256888768, 0.5833730138230818
0.0026026026026026027, 0.01609319787319001, 0.008342654862685853, 0.5838447656204213
0.002702702702702703, 0.016701737463557038, 0.008676952789578496, 0.5843351252488033
0.002802802802802803, 0.01730911557887853, 0.009012753971405494, 0.584844105147229
0.0029029029029029032, 0.01791529271994081, 0.009350111029749515, 0.5853717182249757
0.003003003003003003, 0.018520229760642243, 0.009689076264206606, 0.5859179778616735
0.003103103103103103, 0.019123887959453932, 0.010029701642845537, 0.5864828979073818
0.0032032032032032033, 0.019726228970695692, 0.010372038792861988, 0.5870664926826635
0.0033033033033033035, 0.0203272148556228, 0.01071613899143241, 0.5876687769786582
0.0034034034034034037, 0.020926808093319236, 0.01106205315677226, 0.5882897660571531
0.0035035035035035035, 0.021524971591393334, 0.01140983183940307, 0.5889294756506517
0.0036036036036036037, 0.022121668696471898, 0.011759525213632665, 0.5895879219624386
0.003703703703703704, 0.02271686320448906, 0.012111183069252695, 0.5902651216666418
0.003803803803803804, 0.02331051937076631, 0.012464854803457395, 0.5909610919082908
0.0039039039039039042, 0.023902601919880338, 0.012820589412987353, 0.5916758503033703
0.004004004004004004, 0.024493076055315564, 0.013178435486501872, 0.5924094149388693
0.004104104104104105, 0.02508190746889827, 0.013538441197183296, 0.5931618043728248
0.004204204204204204, 0.02566906235000967, 0.013900654295576518, 0.5939330376343597
0.004304304304304304, 0.02625450739457524, 0.01426512210266667, 0.5947231342237147
0.004404404404404405, 0.02683820981382795, 0.014631891503197832, 0.595532114112273
0.0045045045045045045, 0.027420137342843192, 0.015001008939235354, 0.5963599977425783
0.004604604604604605, 0.0280002582488434, 0.015372520403974257, 0.5972068060283443
0.004704704704704705, 0.028578541339270562, 0.015746471435795953, 0.5980725603544564
0.0048048048048048055, 0.029154955969625015, 0.01612290711257532, 0.5989572825769642
0.004904904904904905, 0.029729472051069114, 0.01650187204624, 0.5998609950230648
0.005005005005005005, 0.03030206005779454, 0.016883410377583605, 0.6007837204910756
0.005105105105105106, 0.030872691034152258, 0.017267565771334304, 0.6017254822503976
0.005205205205205205, 0.03144133660154429, 0.017654381411480045, 0.6026863040414662
0.005305305305305306, 0.03200796896507665, 0.01804389999685159, 0.6036662100756913
0.005405405405405406, 0.03257256091997305, 0.018436163736964228, 0.6046652250353847
0.0055055055055055055, 0.033135085857749075, 0.01883121434811891, 0.6056833740736745
0.005605605605605606, 0.03369551777214679, 0.019229093049763373, 0.6067206828144063
0.005705705705705706, 0.03425383126482993, 0.019629840561113623, 0.60777717735203
0.0058058058058058064, 0.03481000155083991, 0.02003349709803596, 0.6088528842514719
0.005905905905905906, 0.03536400446381328, 0.02044010237018956, 0.6099478305479916
0.006006006006006006, 0.03591581646096112, 0.02084969557842952, 0.6110620437470231
0.006106106106106107, 0.03646541462781142, 0.02126231541246995, 0.6121955518239987
0.006206206206206206, 0.03701277668271534, 0.021678000048806698, 0.613348383224156
0.006306306306306307, 0.037557880981118535, 0.022096787148899042, 0.614520566862327
0.006406406406406407, 0.03810070651959903, 0.022518713857609507, 0.6157121321227089
0.0065065065065065065, 0.03864123293967308, 0.022943816801900864, 0.6169231088586151
0.006606606606606607, 0.03917944053137072, 0.023372132089789208, 0.6181535273922066
0.006706706706706707, 0.03971531023658288, 0.023803695309551766, 0.6194034185142031
0.0068068068068068074, 0.04024882365218207, 0.024238541529188147, 0.6206728134835725
0.006906906906906907, 0.04077996303291876, 0.024676705296133326, 0.6219617440271987
0.007007007007007007, 0.041308711294095836, 0.02511822063722079, 0.6232702423395271
0.0071071071071071076, 0.04183505201402345, 0.025563121058893953, 0.624598341082186
0.007207207207207207, 0.04235896943625697, 0.026011439547663905, 0.625946073383585
0.007307307307307308, 0.04288044847162078, 0.02646320857081137, 0.6273134728384878
0.007407407407407408, 0.04339947470002056, 0.026918460077330744, 0.6287005735075606
0.0075075075075075074, 0.043916034372047365, 0.02737722549911384, 0.630107409916894
0.007607607607607608, 0.04443011441037629, 0.027839535752370866, 0.6315340170574975
0.007707707707707708, 0.04494170241096315, 0.02830542123928623, 0.6329804303847676
0.0078078078078078084, 0.045450786644042465, 0.02877491184990641, 0.6344466858179268
0.007907907907907909, 0.04595735605493009, 0.02924803696425715, 0.635932819739434
0.008008008008008008, 0.046461400264634245, 0.029724825454687288, 0.6374388689943653
0.008108108108108109, 0.04696290957027839, 0.030205305688436084, 0.6389648708897636
0.00820820820820821, 0.047461874945339856, 0.03068950553042127, 0.6405108631939586
0.008308308308308308, 0.047958288039707975, 0.031177452346244517, 0.6420768841358526
0.008408408408408409, 0.0484521411795657, 0.03166917300541137, 0.6436629724041761
0.00850850850850851, 0.04894342736709869, 0.03216469388476226, 0.6452691671467081
0.008608608608608608, 0.04943214028003597, 0.032664040872111416, 0.6468955079694627
0.008708708708708709, 0.04991827427102639, 0.03316723937009027, 0.6485420349358411
0.00880880880880881, 0.05040182436685495, 0.03367431430019194, 0.6502087885657476
0.00890890890890891, 0.05088278626750353, 0.03418529010701337, 0.651895809834669
0.009009009009009009, 0.05136115634506025, 0.03470019076269168, 0.6536031401727161
0.00910910910910911, 0.05183693164248181, 0.035219039771531, 0.6553308214636286
0.00920920920920921, 0.05231010987221352, 0.03574186017481641, 0.6570788960437397
0.009309309309309309, 0.052780689414671345, 0.03626867455581129, 0.6588474067009013
0.00940940940940941, 0.05324866931659059, 0.03679950504493443, 0.660636396673369
0.00950950950950951, 0.05371404928924593, 0.037334373325113274, 0.6624459096486459
0.009609609609609611, 0.05417682970654726, 0.037873300637309606, 0.6642759897622833
0.00970970970970971, 0.05463701160301613, 0.038416307786213987, 0.6661266815966391
0.00980980980980981, 0.055094596671647664, 0.03896341514610522, 0.6679980301795927
0.009909909909909911, 0.055549587261662314, 0.03951464266687118, 0.6698900809832145
0.01001001001001001, 0.05600198637615252, 0.0400700098801873, 0.6718028799223901
0.01011011011011011, 0.056451797669629, 0.040629535905848925, 0.6737364733533988
0.010210210210210211, 0.05689902544547132, 0.041193239458253976, 0.6756909080724437
0.01031031031031031, 0.0573436746532877, 0.04176113885303209, 0.6776662313141347
0.01041041041041041, 0.05778575088618879, 0.0423332520138167, 0.6796624907499219
0.010510510510510511, 0.058225260377980315, 0.04290959647915624, 0.6816797344864794
0.010610610610610612, 0.0586622100002793, 0.04349018940956103, 0.6837180110640391
0.01071071071071071, 0.05909660725955871, 0.04407504759468214, 0.6857773694546706
0.010810810810810811, 0.05952846029412546, 0.044664187460618565, 0.6878578590605117
0.010910910910910912, 0.0599577778710364, 0.04525762507734935, 0.6899595297119425
0.011011011011011011, 0.06038456938295721, 0.04585537616628708, 0.6920824316657076
0.011111111111111112, 0.06080884484496895, 0.046457456107949144, 0.6942266156029808
0.011211211211211212, 0.06123061489132703, 0.047063879949743606, 0.6963921326273754
0.011311311311311311, 0.06164989077217736, 0.04767466241386604, 0.6985790342628959
0.011411411411411412, 0.06206668435023444, 0.04828981790530419, 0.7007873724518323
0.011511511511511512, 0.062481008097426065, 0.048909360519947064, 0.703017199552595
0.011611611611611613, 0.06289287509150931, 0.04953330405279526, 0.7052685683374903
0.011711711711711712, 0.0633022990126626, 0.05016166200626942, 0.7075415319904331
0.011811811811811812, 0.0637092941400583, 0.050794447598613596, 0.7098361441045997
0.011911911911911913, 0.06411387534842064, 0.05143167377239061, 0.7121524586800158
0.012012012012012012, 0.06451605810457339, 0.05207335320306624, 0.714490530121081
0.012112112112112113, 0.06491585846398198, 0.05271949830767959, 0.7168504132340286
0.012212212212212213, 0.0653132930672944, 0.05337012125359649, 0.7192321632243186
0.012312312312312312, 0.0657083791368855, 0.054025233967343406, 0.7216358356939636
0.012412412412412413, 0.06610113447340915, 0.05468484814351901, 0.7240614866387869
0.012512512512512513, 0.0664915774523626, 0.05534897525378085, 0.7265091724456105
0.012612612612612614, 0.06687972702066738, 0.05601762655590457, 0.7289789498893733
0.012712712712712713, 0.06726560269327121, 0.05669081310291317, 0.731470876130177
0.012812812812812813, 0.06764922454977507, 0.057368545752274, 0.7339850087102606
0.012912912912912914, 0.06803061323108972, 0.05805083517516106, 0.7365214055508998
0.013013013013013013, 0.06840978993612608, 0.05873769186578058, 0.7390801249492326
0.013113113113113114, 0.06878677641852325, 0.05942912615075748, 0.7416612255750079
0.013213213213213214, 0.06916159498341876, 0.06012514819858095, 0.7442647664672579
0.013313313313313315, 0.06953426848426478, 0.060825768029106955, 0.7468908070308915
0.013413413413413414, 0.0699048203196946, 0.06153099552311603, 0.7495394070332081
0.013513513513513514, 0.07027327443044315, 0.062240840431924294, 0.7522106266003307
0.013613613613613615, 0.07063965529632582, 0.06295531238704631, 0.7549045262135576
0.013713713713713714, 0.07100398793327933, 0.06367442090990805, 0.7576211667056305
0.013813813813813814, 0.07136629789046851, 0.06439817542160842, 0.7603606092569176
0.013913913913913915, 0.07172661124746303, 0.06512658525272802, 0.7631229153915123
0.014014014014014014, 0.07208495461148776, 0.06585965965318394, 0.7659081469732439
0.014114114114114115, 0.0724413551147505, 0.06659740780212918, 0.7687163662016004
0.014214214214214215, 0.072795840411851, 0.06733983881789572, 0.7715476356075621
0.014314314314314316, 0.07314843867727486, 0.06808696176798028, 0.7744020180493438
0.014414414414414415, 0.0734991786029759, 0.06883878567907166, 0.777279576708045
0.014514514514514515, 0.07384808939605085, 0.06959531954711923, 0.780180375083207
0.014614614614614616, 0.0741952007765098, 0.07035657234744139, 0.7831044769882745
0.014714714714714715, 0.07454054297514605, 0.07112255304487386, 0.786051946545961
0.014814814814814815, 0.0748841467315088, 0.07189327060395702, 0.7890228481835176
0.014914914914914916, 0.07522604329198244, 0.07266873399916197, 0.7920172466279012
0.015015015015015015, 0.07556626440797562, 0.0734489522251552, 0.795035206900843
0.015115115115115116, 0.07590484233422369, 0.07423393430710136, 0.7980767943138152
0.015215215215215216, 0.07624180982720807, 0.07502368931100445, 0.8011420744628941
0.015315315315315317, 0.07657720014369579, 0.0758182263540871, 0.8042311132235184
0.015415415415415416, 0.07691104703940257, 0.07661755461520836, 0.8073439767451408
0.015515515515515516, 0.07724338476778297, 0.07742168334532015, 0.8104807314457726
0.015615615615615617, 0.07757424807895083, 0.07823062187796267, 0.8136414440064175
0.015715715715715717, 0.07790367221873339, 0.07904437963979932, 0.8168261813653959
0.015815815815815818, 0.07823169292786238, 0.07986296616119169, 0.820035010712556
0.015915915915915915, 0.07855834644130547, 0.0806863910868154, 0.8232679994833705
0.016016016016016016, 0.07888366948774124, 0.08151466418631734, 0.8265252153529182
0.016116116116116116, 0.07920769928918116, 0.08234779536501553, 0.829806726229748
0.016216216216216217, 0.07953047356074158, 0.08318579467464245, 0.8331126002496243
0.016316316316316318, 0.07985203051056947, 0.08402867232413294, 0.8364429057691503
0.01641641641641642, 0.08017240883992464, 0.08487643869045812, 0.8397977113592714
0.01651651651651652, 0.08049164774342228, 0.08572910432950655, 0.8431770857986532
0.016616616616616616, 0.08080978690943862, 0.08658667998701407, 0.8465810980669333
0.016716716716716717, 0.08112686652068345, 0.0874491766095441, 0.8500098173378466
0.016816816816816817, 0.08144292725494254, 0.08831660535552, 0.8534633129722212
0.016916916916916918, 0.08175801028599339, 0.08918897760631124, 0.8569416545108437
0.01701701701701702, 0.08207215728469766, 0.09006630497737565, 0.8604449116671901
0.01711711711711712, 0.08238541042027361, 0.09094859932945946, 0.8639731543200245
0.017217217217217216, 0.08269781236175203, 0.09183587277985748, 0.8675264525058594
0.017317317317317317, 0.0830094062796189, 0.0927281377137359, 0.8711048764112789
0.017417417417417418, 0.08332023584764855, 0.0936254067955199, 0.8747084963651209
0.017517517517517518, 0.08363034524493043, 0.09452769298034863, 0.8783373828305185
0.01761761761761762, 0.08393977915809324, 0.09543500952560074, 0.881991606396796
0.01771771771771772, 0.08424858278372993, 0.09634737000249248, 0.8856712377712198
0.01781781781781782, 0.08455680183102718, 0.0972647883077521, 0.8893763477706015
0.017917917917917917, 0.084864482524603, 0.09818727867537314, 0.8931070073127507
0.018018018018018018, 0.08517167160755615, 0.09911485568844995, 0.8968632874077764
0.01811811811811812, 0.08547841634473108, 0.100047534291099, 0.9006452591492349
0.01821821821821822, 0.08578476452620236, 0.1009853298004691, 0.9044529937051198
0.01831831831831832, 0.08609076447098238, 0.10192825791884451, 0.9082865623086975
0.01841841841841842, 0.08639646503095615, 0.10287633474584443, 0.912146036249179
0.01851851851851852, 0.08670191559504753, 0.10382957679072301, 0.9160314868622318
0.018618618618618618, 0.08700716609362068, 0.1047880009847737, 0.9199429855203265
0.01871871871871872, 0.087312267003121, 0.10575162469384239, 0.9238806036229181
0.01881881881881882, 0.08761726935096, 0.10672046573095353, 0.9278444125864573
0.01891891891891892, 0.08792222472064813, 0.10769454236905372, 0.9318344838342314
0.01901901901901902, 0.08822718525718029, 0.10867387335387751, 0.9358508887860325
0.01911911911911912, 0.08853220367267839, 0.10965847791694029, 0.9398936988476498
0.019219219219219222, 0.08883733325229577, 0.11064837578866299, 0.943962985400185
0.01931931931931932, 0.08914262786038808, 0.1116435872116341, 0.9480588197891869
0.01941941941941942, 0.08944814194695555, 0.112644132954014, 0.9521812733136052
0.01951951951951952, 0.08975393055436175, 0.11365003432308735, 0.9563304172145579
0.01961961961961962, 0.0900600493243338, 0.11466131317896876, 0.9605063226639133
0.01971971971971972, 0.09036655450524943, 0.11567799194846838, 0.9647090607526815
0.019819819819819822, 0.09067350295971612, 0.11670009363912248, 0.9689387024792157
0.01991991991991992, 0.09098095217244805, 0.117727641853396, 0.9731953187372174
0.02002002002002002, 0.09128896025844645, 0.11876066080306304, 0.977478980303547
0.02012012012012012, 0.09159758597148915, 0.11979917532377206, 0.9817897578258324
0.02022022022022022, 0.09190688871293541, 0.12084321088980265, 0.9861277218098796
0.02032032032032032, 0.09221692854085224, 0.12189279362902058, 0.9904929426068757
0.020420420420420422, 0.09252776617946845, 0.12294795033803878, 0.9948854904003873
0.020520520520520523, 0.09283946302896319, 0.12400870849759148, 0.9993054351931479
0.02062062062062062, 0.09315208117559541, 0.12507509628812913, 1.0037528467936347
0.02072072072072072, 0.09346568340218149, 0.1261471426056421, 1.0082277948024299
0.02082082082082082, 0.09378033319892798, 0.1272248770777212, 1.0127303485983639
0.020920920920920922, 0.09409609477462691, 0.12830833007986367, 1.0172605773244394
0.021021021021021023, 0.09441303306822127, 0.12939753275203278, 1.021818549873533
0.021121121121121123, 0.09473121376074836, 0.1304925170154806, 1.0264043348738692
0.021221221221221224, 0.0950507032876693, 0.13159331558984239, 1.0310180006742675
0.02132132132132132, 0.09537156885159283, 0.13269996201051262, 1.035659615329158
0.02142142142142142, 0.09569387843540195, 0.13381249064631212, 1.0403292465833616
0.021521521521521522, 0.09601770081579258, 0.13493093671745623, 1.0450269618566348
0.021621621621621623, 0.09634310557723305, 0.13605533631383454, 1.0497528282279722
0.021721721721721723, 0.09667016312635385, 0.13718572641361257, 1.0545069124196682
0.021821821821821824, 0.09699894470677771, 0.13832214490216665, 1.0592892807811305
0.02192192192192192, 0.09732952241439974, 0.13946463059136288, 1.064099999272446
0.022022022022022022, 0.09766196921312809, 0.14061322323919223, 1.068939133447693
0.022122122122122122, 0.09799635895109599, 0.14176796356977328, 1.0738067484379985
0.022222222222222223, 0.09833276637735607, 0.14292889329373537, 1.0787029089343374
0.022322322322322324, 0.09867126715906852, 0.14409605512899465, 1.0836276791700687
0.022422422422422424, 0.09901193789919496, 0.14526949282193594, 1.0885811229032074
0.022522522522522525, 0.09935485615471001, 0.14644925116901447, 1.0935633033984276
0.022622622622622622, 0.09970010045534355, 0.14763537603879065, 1.0985742834087933
0.022722722722722723, 0.10004775032286632, 0.14882791439441304, 1.1036141251572147
0.022822822822822823, 0.10039788629093271, 0.1500269143165635, 1.1086828903176253
0.022922922922922924, 0.10075058992549453, 0.15123242502688056, 1.1137806399958763
0.023023023023023025, 0.10110594384580011, 0.15244449691187606, 1.1189074347103456
0.023123123123123125, 0.10146403174599392, 0.15366318154736175, 1.1240633343722573
0.023223223223223226, 0.10182493841733174, 0.15488853172340242, 1.1292483982657087
0.023323323323323323, 0.10218874977102785, 0.15612060146981266, 1.1344626850273982
0.023423423423423424, 0.1025555528617502, 0.15735944608221555, 1.1397062526260553
0.023523523523523524, 0.10292543591178109, 0.15860512214868117, 1.1449791583415627
0.023623623623623625, 0.10329848833586082, 0.15985768757696395, 1.1502814587437729
0.023723723723723725, 0.10367480076673259, 0.16111720162235907, 1.1556132096710097
0.023823823823823826, 0.1040544650814076, 0.16238372491619724, 1.1609744662082546
0.023923923923923927, 0.1044375744281701, 0.16365731949499931, 1.1663652826650115
0.024024024024024024, 0.10482422325434236, 0.16493804883031227, 1.171785712552846
0.024124124124124124, 0.10521450733483075, 0.16622597785924853, 1.177235808562595
0.024224224224224225, 0.10560852380147458, 0.16752117301575206, 1.1827156225412436
0.024324324324324326, 0.10600637117322037, 0.16882370226261462, 1.188225205468462
0.024424424424424426, 0.10640814938714449, 0.170133635124267, 1.1937646074327997
0.024524524524524527, 0.10681395983034868, 0.17145104272037046, 1.199333877607531
0.024624624624624624, 0.1072239053727531, 0.17277599780023475, 1.2049330642261498
0.024724724724724725, 0.10763809040081308, 0.17410857477808975, 1.2105622145575041
0.024824824824824825, 0.10805662085218613, 0.17544884976923883, 1.2162213748805697
0.024924924924924926, 0.10847960425137712, 0.176796900627123, 1.2219105904588543
0.025025025025025027, 0.1089071497463904, 0.17815280698132555, 1.2276299055144289
0.025125125125125127, 0.10933936814641859, 0.17951665027654862, 1.2333793632015806
0.025225225225225228, 0.10977637196059903, 0.18088851381259366, 1.2391590055800805
0.025325325325325325, 0.11021827543787, 0.1822684827853788, 1.2449688735880617
0.025425425425425426, 0.11066519460795951, 0.1836566443290278, 1.2508090070144997
0.025525525525525526, 0.11111724732354167, 0.18505308755906608, 1.2566794444712928
0.025625625625625627, 0.11157455330359584, 0.18645790361676048, 1.262580223364932
0.025725725725725727, 0.11203723417800578, 0.18787118571464154, 1.268511379867757
0.025825825825825828, 0.11250541353343706, 0.18929302918324678, 1.27447294888879
0.02592592592592593, 0.11297921696053269, 0.190723531519127, 1.2804649640441408
0.026026026026026026, 0.11345877210246812, 0.1921627924341571, 1.2864874576269765
0.026126126126126126, 0.11394420870490837, 0.1936109139061962, 1.2925404605770485
0.026226226226226227, 0.11443565866741201, 0.1950680002311417, 1.2986240024497688
0.026326326326326328, 0.11493325609632754, 0.1965341580764252, 1.3047381113848273
0.02642642642642643, 0.11543713735923075, 0.19800949653599892, 1.3108828140743445
0.02652652652652653, 0.1159474411409521, 0.199494127186863, 1.317058135730548
0.02662662662662663, 0.11646430850124595, 0.20098816414718715, 1.3232641000529666
0.026726726726726727, 0.11698788293415506, 0.2024917241360803, 1.329500729195132
0.026826826826826827, 0.1175183104291261, 0.20400492653506522, 1.335768043730779
0.026926926926926928, 0.11805573953393357, 0.20552789345131695, 1.3420660626195346
0.02702702702702703, 0.11860032141947224, 0.2070607497827258, 1.348394803172087
0.02712712712712713, 0.11915220994648042, 0.20860362328484805, 1.3547542810148219
0.02722722722722723, 0.11971156173425847, 0.2101566446398103, 1.3611445100539183
0.027327327327327327, 0.1202785362314501, 0.2117199475272351, 1.3675655024388906
0.027427427427427428, 0.12085329578895584, 0.21329366869725944, 1.3740172685255656
0.027527527527527528, 0.1214360057350517, 0.21487794804571864, 1.3804998168384839
0.02762762762762763, 0.12202683445278784, 0.21647292869157267, 1.3870131540327113
0.02772772772772773, 0.12262595345974638, 0.21807875705665397, 1.393557284855048
0.02782782782782783, 0.12323353749023923, 0.219695582947819, 1.4001322121046225
0.02792792792792793, 0.12384976458003104, 0.22132355964158953, 1.4067379365928556
0.028028028028028028, 0.12447481615367532, 0.2229628439713726, 1.4133744571027793
0.02812812812812813, 0.12510887711455548, 0.22461359641735112, 1.4200417703476964
0.02822822822822823, 0.12575213593772608, 0.22627598119914266, 1.4267398709291639
0.02832832832832833, 0.12640478476565362, 0.22795016637132487, 1.4334687512942823
0.02842842842842843, 0.12706701950696023, 0.229636323921933, 1.440228401692278
0.02852852852852853, 0.12773903993827762, 0.23133462987403697, 1.4470188101303538
0.02862862862862863, 0.12842104980932323, 0.23304526439051138, 1.4538399623287945
0.02872872872872873, 0.12911325695131523, 0.23476841188211509, 1.4606918416753036
0.02882882882882883, 0.12981587338884748, 0.23650426111900275, 1.467574429178553
0.02892892892892893, 0.1305291154553509, 0.2382530053457955, 1.474487703420922
0.02902902902902903, 0.13125320391227285, 0.240014842400343, 1.481431640510404
0.02912912912912913, 0.13198836407211167, 0.24178997483631468, 1.4884062140316558
0.029229229229229232, 0.13273482592544905, 0.24357861004976394, 1.4954113949961683
0.029329329329329332, 0.13349282427212933, 0.24538096040981408, 1.5024471517915243
0.02942942942942943, 0.13426259885674058, 0.24719724339362328, 1.5095134501297278
0.02952952952952953, 0.13504439450855968, 0.24902768172578957, 1.516610252994564
0.02962962962962963, 0.1358384612861294, 0.2508725035223658, 1.5237375205879686
0.02972972972972973, 0.13664505462664392, 0.2527319424396612, 1.5308952102753712
0.029829829829829832, 0.13746443550032586, 0.25460623782801334, 1.5380832765299801
0.029929929929929933, 0.13829687056998596, 0.2564956348907223, 1.545301670875974
0.03003003003003003, 0.13914263235596566, 0.25840038484834754, 1.552550341830564
0.03013013013013013, 0.14000199940667007, 0.2603207451085765, 1.5598292348448894
0.03023023023023023, 0.14087525647490934, 0.26225697944188203, 1.567138292243704
0.03033033033033033, 0.14176269470027464, 0.26420935816319724, 1.5744774531638135
0.030430430430430432, 0.14266461179778642, 0.26617815831984454, 1.5818466534912183
0.030530530530530533, 0.14358131225306156, 0.2681636638859669, 1.5892458257969162
0.030630630630630633, 0.14451310752425817, 0.27016616596372, 1.5966748992713151
0.03073073073073073, 0.14546031625106748, 0.272185962991496, 1.6041337996572067
0.03083083083083083, 0.14642326447103512, 0.274223360959461, 1.6116224491812436
0.030930930930930932, 0.14740228584350587, 0.2762786736327014, 1.6191407664838662
0.031031031031031032, 0.1483977218814999, 0.2783522227822876, 1.6266886665476186
0.031131131131131133, 0.1494099221918422, 0.28044433842457633, 1.6342660606237907
0.031231231231231234, 0.15043924472388126, 0.28255535906908985, 1.6418728561573213
0.031331331331331334, 0.15148605602714896, 0.2846856319753227, 1.6495089567098917
0.031431431431431435, 0.15255073151832932, 0.28683551341884544, 1.657174261881136
0.031531531531531536, 0.15363365575792057, 0.2890053689670895, 1.6648686672278965
0.031631631631631636, 0.1547352227369929, 0.29119557376521626, 1.6725920641814351
0.03173173173173173, 0.15585583617446314, 0.2934065128324921, 1.680344339962521
0.03183183183183183, 0.15699590982532652, 0.2956385813696098, 1.688125377494304
0.03193193193193193, 0.15815586780030688, 0.29789218507741844, 1.6959350553128776
0.03203203203203203, 0.15933614489740786, 0.30016774048754397, 1.703773247475434
0.03213213213213213, 0.1605371869458702, 0.3024656753054069, 1.7116398234659047
0.03223223223223223, 0.16175945116306478, 0.3047864287661666, 1.719534648097975
0.032332332332332334, 0.16300340652487466, 0.30713045200414596, 1.7274575814153597
0.032432432432432434, 0.16426953415014775, 0.3094982084363184, 1.7354084785892108
0.032532532532532535, 0.1655583276998271, 0.31189017416046466, 1.743387189812536
0.032632632632632635, 0.1668702937913964, 0.314306838368637, 1.7513935601914823
0.032732732732732736, 0.16820595242930872, 0.31674870377659997, 1.7594274296333452
0.03283283283283284, 0.16956583745209755, 0.31921628706994615, 1.7674886327311525
0.03293293293293294, 0.17095049699690407, 0.32171011936762167, 1.7755769986446588
0.03303303303303304, 0.17236049398218964, 0.32423074670363095, 1.7836923509775815
0.03313313313313313, 0.17379640660943987, 0.3267787305277268, 1.7918345076509017
0.03323323323323323, 0.1752588288847055, 0.3293546482259323, 1.8000032807720394
0.03333333333333333, 0.17674837116086736, 0.3319590936617806, 1.8081984764997026
0.033433433433433433, 0.17826566070155508, 0.33459267773920437, 1.8164198949042003
0.033533533533533534, 0.1798113422676957, 0.3372560289880497, 1.8246673298229992
0.033633633633633635, 0.1813860787277157, 0.33994979417323956, 1.832940568711283
0.033733733733733735, 0.18299055169247055, 0.3426746389286603, 1.8412393924872712
0.033833833833833836, 0.18462546217602932, 0.34543124841689926, 1.8495635753720314
0.03393393393393394, 0.18629153128349646, 0.348220328016016, 1.8579128847235087
0.03403403403403404, 0.18798950092711303, 0.35104260403458964, 1.866287080864476
0.03413413413413414, 0.1897201345719398, 0.3538988244563449, 1.8746859169041001
0.03423423423423424, 0.19148421801249038, 0.35678975971572485, 1.8831091385527858
0.03433433433433434, 0.1932825601817497, 0.3597162035058471, 1.8915564839299581
0.03443443443443443, 0.1951159939940855, 0.36267897362034973, 1.9000276833644107
0.03453453453453453, 0.19698537722363466, 0.36567891283071013, 1.9085224591868335
0.034634634634634634, 0.1988915934198253, 0.36871688980069767, 1.917040525514103
0.034734734734734735, 0.20083555286177882, 0.37179380003970436, 1.925581588024901
0.034834834834834835, 0.20281819355342195, 0.37491056689678365, 1.9341453437262017
0.034934934934934936, 0.20484048226123036, 0.37806814259731975, 1.9427314807101324
0.035035035035035036, 0.20690341559662104, 0.3812675093243444, 1.9513396779006926
0.03513513513513514, 0.20900802114511055, 0.38450968034661787, 1.9599696047897797
0.03523523523523524, 0.2111553586444609, 0.3877957011956973, 1.9686209211619397
0.03533533533533534, 0.21334652121414419, 0.3911266508943231, 1.9772932768072249
0.03543543543543544, 0.21558263663857383, 0.3945036432385706, 1.985986311221504
0.03553553553553554, 0.21786486870666677, 0.3979278281363335, 1.994699653293527
0.03563563563563564, 0.22019441861043004, 0.4014003930048301, 2.003432920978015
0.03573573573573574, 0.22257252640539324, 0.4049225642299564, 2.0121857209539873
0.035835835835835834, 0.22500047253584596, 0.40849560869044366, 2.0209576482675025
0.035935935935935935, 0.2274795794279807, 0.41212083534992167, 2.029748285957928
0.036036036036036036, 0.23001121315418963, 0.41579959692013646, 2.038557204666811
0.036136136136136136, 0.232596785171916, 0.4195332915987231, 2.047383962228356
0.03623623623623624, 0.23523775414062095, 0.423323364885094, 2.0562281032404623
0.03633633633633634, 0.23793562782058916, 0.42717131147816756, 2.065089158615199
0.03643643643643644, 0.24069196505746707, 0.4310786772598297, 2.073966645107537
0.03653653653653654, 0.24350837785660126, 0.4350470613681965, 2.0828600648210784
0.03663663663663664, 0.24638653355142426, 0.4390781183649261, 2.091768904689447
0.03673673673673674, 0.24932815707031689, 0.44317356050100726, 2.1006926359319196
0.03683683683683684, 0.25233503330656387, 0.447335160085643, 2.1096307134817893
0.03693693693693694, 0.255409009596208, 0.4515647519630345, 2.118582575385863
0.03703703703703704, 0.2585519983087996, 0.4558642361020614, 2.1275476421733854
0.037137137137137136, 0.2617659795562294, 0.4602355803040474, 2.136525316192591
0.037237237237237236, 0.2650530040250225, 0.46468082303398833, 2.145514980912956
0.03733733733733734, 0.2684151959376615, 0.4692020763808113, 2.154516000191115
0.03743743743743744, 0.2718547561486867, 0.47380152915241336, 2.163527717498275
0.03753753753753754, 0.27537396538150044, 0.47848145011140536, 2.172549455106825
0.03763763763763764, 0.2789751876119665, 0.48324419135765345, 2.1815805132337016
0.03773773773773774, 0.28266087360504744, 0.488092191863861, 2.1906201691379104
0.03783783783783784, 0.2864335646108595, 0.4930279811705694, 2.1996676761694545
0.03793793793793794, 0.29029589622663315, 0.4980541832470678, 2.2087222627667416
0.03803803803803804, 0.2942506024311544, 0.5031735205247851, 2.217783131399371
0.03813813813813814, 0.2983005197983092, 0.5083888181097881, 2.2268494574530084
0.03823823823823824, 0.3024485918963604, 0.5137030081810142, 2.2359203880528598
0.03833833833833834, 0.3066978738795434, 0.5191191345808261, 2.244995040822046
0.038438438438438444, 0.31105153727845997, 0.5246403576043666, 2.2540725025709625
0.03853853853853854, 0.31551287499557296, 0.5302699589940172, 2.2631518279134757
0.03863863863863864, 0.3200853065118362, 0.5360113471449948, 2.272232037805568
0.03873873873873874, 0.32477238331012975, 0.5418680625277561, 2.2813121180017983
0.03883883883883884, 0.3295777945206787, 0.547843783332389, 2.290391017424675
0.03893893893893894, 0.33450537279300613, 0.5539423313395407, 2.299467646441778
0.03903903903903904, 0.33955910039817405, 0.5601676780216365, 2.3085408750451837
0.03913913913913914, 0.3447431155640791, 0.5665239508771565, 2.317609530927468
0.03923923923923924, 0.3500617190453567, 0.5730154399995239, 2.3266723974482586
0.03933933933933934, 0.3555193809279769, 0.579646604880688, 2.335728211485032
0.03943943943943944, 0.36112074766684255, 0.5864220814477117, 2.344775661161541
0.039539539539539544, 0.3668706493525821, 0.5933466893285579, 2.3538133834469743
0.039639639639639644, 0.37277410720121235, 0.6004254393407477, 2.362839961618663
0.039739739739739745, 0.37883634125736976, 0.6076635411935905, 2.371853922580865
0.03983983983983984, 0.38506277829830926, 0.6150664113911852, 2.3808537340319114
0.03993993993993994, 0.39145905992176555, 0.6226396813192857, 2.3898378014717636
0.04004004004004004, 0.39803105079213896, 0.6303892054902972, 2.3988044650422404
0.04014014014014014, 0.40478484703264, 0.638321069934811, 2.4077519961900418
0.04024024024024024, 0.41172678470800317, 0.6464416006831474, 2.416678594146344
0.04034034034034034, 0.4188634483706159, 0.6547573723104999, 2.425582382213157
0.04044044044044044, 0.4262016796168737, 0.6632752164923081, 2.4344614038483834
0.04054054054054054, 0.4337485855941045, 0.6720022305102015, 2.4433136185413424
0.04064064064064064, 0.4415115473870903, 0.6809457856375423, 2.4521368974708424
0.040740740740740744, 0.44949822820029106, 0.6901135353206732, 2.4609290189383253
0.040840840840840845, 0.4577165812371662, 0.6995134230572628, 2.4696876635692617
0.040940940940940945, 0.4661748571612855, 0.7091536898564417, 2.478410409276844
0.041041041041041046, 0.47488161100503273, 0.7190428811465319, 2.487094725983183
0.04114114114114114, 0.48384570837040625, 0.7291898529748732, 2.495737970094668
0.04124124124124124, 0.4930763307425013, 0.7396037773203299, 2.50433737873001
0.04134134134134134, 0.5025829797095064, 0.7502941463123115, 2.5128900637017555
0.04144144144144144, 0.5123754798532582, 0.7612707751203484, 2.5213930052548656
0.04154154154154154, 0.5224639800413925, 0.7725438032452615, 2.529843045569342
0.04164164164164164, 0.5328589528157722, 0.7841236939066046, 2.5382368820379337
0.04174174174174174, 0.5435711915320652, 0.7960212311812516, 2.5465710603348173
0.041841841841841844, 0.554611804862089, 0.8082475145047433, 2.5548419672968565
0.041941941941941945, 0.5659922082239218, 0.8208139501003944, 2.5630458236457763
0.042042042042042045, 0.5777241116550493, 0.8337322388514249, 2.57117867658742
0.042142142142142146, 0.5898195035913874, 0.8470143600789573, 2.5792363923333435
0.042242242242242246, 0.6022906299605564, 0.8606725506342523, 2.587214648600439
0.04234234234234235, 0.6151499679422305, 0.8747192786580039, 2.59510892715622
0.04244244244244245, 0.6284101936930475, 0.889167211304177, 2.6029145064909365
0.04254254254254254, 0.6420841432801968, 0.904029175672504, 2.610626454712915
0.04264264264264264, 0.6561847660186504, 0.9193181121446018, 2.6182396227805116
0.04274274274274274, 0.6707250693649259, 0.935047019276595, 2.625748638202847
0.04284284284284284, 0.6857180544888202, 0.9512288893696803, 2.633147899362028
0.042942942942942944, 0.7011766416280146, 0.9678766338235346, 2.6404315706317347
0.043043043043043044, 0.7171135843339679, 0.9850029973809727, 2.647593578490684
0.043143143143143145, 0.733541371747041, 1.002620460401803, 2.6546276088542005
0.043243243243243246, 0.7504721181011671, 1.020741128366187, 2.661527105872491
0.043343343343343346, 0.767917438761154, 1.039376607910591, 2.6682852724695287
0.04344344344344345, 0.7858883122470652, 1.058537868850771, 2.674895072920842
0.04354354354354355, 0.8043949279085433, 1.0782350918546564, 2.6813492377908763
0.04364364364364365, 0.8234465191858057, 1.0984775017018604, 2.6876402715695114
0.04374374374374375, 0.8430511827410178, 1.1192731864135248, 2.693760463361185
0.04384384384384384, 0.8632156841700501, 1.1406289029625052, 2.699701900986923
0.04394394394394394, 0.8839452515139914, 1.162549870783275, 2.7054564888572314
0.044044044044044044, 0.9052433583823577, 1.1850395548934933, 2.7110159699599223
0.044144144144144144, 0.9271114991709267, 1.2080994411101722, 2.7163719522790006
0.044244244244244245, 0.9495489595954291, 1.2317288065816892, 2.721515939916312
0.044344344344344346, 0.9725525865492047, 1.2559244896437611, 2.726439369124455
0.044444444444444446, 0.9961165621008526, 1.2806806638154273, 2.731133649375656
0.04454454454454455, 1.0202321872398452, 1.3059886215430279, 2.7355902094857454
0.04464464464464465, 1.0448876817075332, 1.331836574029626, 2.739800548684853
0.04474474474474475, 1.0700680068628066, 1.3582094740991604, 2.743756292378063
0.04484484484484485, 1.0957547189643302, 1.3850888694772692, 2.7474492521726734
0.04494494494494495, 1.1219258604401572, 1.4124527940596157, 2.750871489568331
0.04504504504504505, 1.148555896597943, 1.440275704620961, 2.754015382518463
0.04514514514514515, 1.1756157047502651, 1.4685284699395091, 2.7568736938843026
0.045245245245245244, 1.203072621849997, 1.4971784184314954, 2.7594396406261854
0.045345345345345345, 1.2308905554327838, 1.5261894490930794, 2.761706962421724
0.045445445445445445, 1.259030160958485, 1.5555222088414178, 2.7636699882783886
0.045545545545545546, 1.2874490865754349, 1.585134337278771, 2.765323699630149
0.04564564564564565, 1.3161022839801788, 1.614980777552298, 2.766663788383885
0.04574574574574575, 1.3449423815241026, 1.6450141494609432, 2.767686708418685
0.04584584584584585, 1.3739201131677483, 1.6751851784101894, 2.7683897191438187
0.04594594594594595, 1.402984794461806, 1.7054431713936362, 2.7687709198890564
0.04604604604604605, 1.432084834603165, 1.7357365290497548, 2.7688292741292666
0.04614614614614615, 1.461168271928102, 1.7660132811558684, 2.7685646228247323
0.04624624624624625, 1.4901833190733393, 1.7962216317899755, 2.7679776864761942
0.04634634634634635, 1.5190789035944086, 1.8263104999499513, 2.7670700558323365
0.04644644644644645, 1.5478051900157446, 1.856230041604363, 2.7658441715299995
0.046546546546546545, 1.576314070206017, 1.8859321400684337, 2.764303293274578
0.046646646646646646, 1.604559610457193, 1.9153708530836022, 2.76245145946296
0.046746746746746747, 1.6324984456347644, 1.9445028069680708, 2.7602934383994775
0.04684684684684685, 1.6600901131016639, 1.9732875305408588, 2.7578346724457896
0.04694694694694695, 1.6872973216412834, 2.001687724044742, 2.755081216572134
0.04704704704704705, 1.714086153154249, 2.0296694608427353, 2.752039672838073
0.04714714714714715, 1.7404261973308996, 2.0572023220900664, 2.7487171223284106
0.04724724724724725, 1.7662906216827443, 2.0842594667649186, 2.7451210560105266
0.04734734734734735, 1.7916561811593839, 2.1108176412844446, 2.741259305872039
0.04744744744744745, 1.8165031730253576, 2.136857134380529, 2.7371399775532064
0.04754754754754755, 1.8408153437014025, 2.162361683939809, 2.732771385518352
0.04764764764764765, 1.8645797548945553, 2.1873183431324077, 2.7281619916260467
0.04774774774774775, 1.887786616583887, 2.211717313396194, 2.7233203477691625
0.04784784784784785, 1.9104290943435258, 2.2355517517582446, 2.7182550430720145
0.04794794794794795, 1.9325030981325528, 2.2588175596231213, 2.7129746559596137
0.04804804804804805, 1.9540070591268988, 2.2815131596031093, 2.707487711258715
0.04814814814814815, 1.9749417004746423, 2.3036392662718397, 2.701802642355077
0.04824824824824825, 1.9953098070808972, 2.325198655947491, 2.6959277583178216
0.04834834834834835, 2.015115998721542, 2.3461959398048484, 2.6898712158102103
0.04844844844844845, 2.034366509986919, 2.3666373438173514, 2.68364099553569
0.04854854854854855, 2.053068979798159, 2.3865304982717963, 2.6772448829171056
0.04864864864864865, 2.0712322525418525, 2.4058842389014203, 2.6706904526733504
0.04874874874874875, 2.0888661922470146, 2.424708421061325, 2.6639850569390484
0.04884884884884885, 2.105981510688682, 2.4430137478305682, 2.6571358165666363
0.04894894894894895, 2.122589609846418, 2.4608116124692176, 2.6501496152540103
0.049049049049049054, 2.138702438771007, 2.4781139552836313, 2.6430330961524504
0.049149149149149154, 2.1543323646131487, 2.4949331346537833, 2.6357926606268562
0.04924924924924925, 2.1694920573368597, 2.511281811745342, 2.6284344688616135
0.04934934934934935, 2.1841943874692973, 2.527172848258211, 2.620964442029213
0.04944944944944945, 2.198452336119372, 2.5426192164438928, 2.613388265763842
0.04954954954954955, 2.2122789164214436, 2.5576339205479757, 2.605711394707588
0.04964964964964965, 2.225687105519849, 2.5722299287934804, 2.597939057921927
0.04974974974974975, 2.2386897861978223, 2.5864201150086332, 2.590076264981236
0.04984984984984985, 2.251299697264303, 2.600217209012549, 2.5821278125877813
0.04994994994994995, 2.263529391838723, 2.6136337548989195, 2.574098291568811
0.05005005005005005, 2.2753912027125547, 2.626682076396483, 2.5659920941357766
0.050150150150150154, 2.2868972140133605, 2.6393742485320124, 2.5578134213033556
0.050250250250250254, 2.2980592384492122, 2.651722074873692, 2.5495662903818097
0.050350350350350355, 2.308888799466215, 2.6637370696876093, 2.5412545424703445
0.050450450450450456, 2.3193971177075037, 2.6754304443957353, 2.5328818498916457
0.050550550550550556, 2.329595101217073, 2.686813097778745, 2.5244517235187245
0.05065065065065065, 2.339493338885053, 2.697895609420293, 2.5159675199547813
0.05075075075075075, 2.349102096681805, 2.7086882359401168, 2.507432448535049
0.05085085085085085, 2.3584313162759973, 2.7192009096111254, 2.498849578126707
0.05095095095095095, 2.367490615676302, 2.729443239000111, 2.490221843709014
0.05105105105105105, 2.376289291565527, 2.7394245113005207, 2.4815520527191786
0.05115115115115115, 2.3848363230944365, 2.7491536961260925, 2.4728428911631384
0.051251251251251254, 2.393140376812069, 2.758639450439788, 2.4640969294745783
0.051351351351351354, 2.401209812568056, 2.767890124455137, 2.455316628128851
0.051451451451451455, 2.4090526901847524, 2.7769137683073875, 2.446504343010298
0.051551551551551555, 2.4166767767353514, 2.785718139330654, 2.4376623305356695
0.051651651651651656, 2.4240895542863874, 2.79431070979944, 2.428792752537969
0.05175175175175176, 2.4312982279827557, 2.802698675012684, 2.419897680916281
0.05185185185185186, 2.4383097343708515, 2.8108889616159187, 2.410979102058122
0.05195195195195195, 2.4451307498708363, 2.81888823607256, 2.402038921041573
0.05205205205205205, 2.4517676993225885, 2.8267029132088726, 2.39307896562498
0.05215215215215215, 2.458226764541761, 2.8343391647690472, 2.384100990032353
0.05225225225225225, 2.464513892832762, 2.841802927927194, 2.3751066785428057
0.05235235235235235, 2.470634805414507, 2.849099913712105, 2.3660976488924708
0.052452452452452454, 2.4765950057226447, 2.856235615308489, 2.357075455497327
0.052552552552552555, 2.4823997875587778, 2.863215316205197, 2.34804159250529
0.052652652652652655, 2.4880542430630634, 2.8700440981668285, 2.338997496685786
0.052752752752752756, 2.493563270491649, 2.876726849010163, 2.329944550164839
0.05285285285285286, 2.4989315817847264, 2.883268270171216, 2.320884083013481
0.05295295295295296, 2.504163709914709, 2.8896728840524033, 2.31181737569704
0.05305305305305306, 2.5092640160071844, 2.8959450411424927, 2.302745661392597
0.05315315315315316, 2.514236696229977, 2.902088926904649, 2.2936701281816134
0.05325325325325326, 2.519085788447908, 2.90810856843018, 2.284591921124451
0.05335335335335335, 2.5238151786427294, 2.9140078408574563, 2.275512144223197
0.05345345345345345, 2.528428607099294, 2.9197904735570552, 2.2664318622789215
0.053553553553553554, 2.532929674360309, 2.9254600560854946, 2.257352102649205
0.053653653653653655, 2.5373218469531023, 2.9310200439109693, 2.248273856911478
0.053753753753753755, 2.5416084628926736, 2.936473763915375, 2.2391980824374405
0.053853853853853856, 2.545792736966015, 2.941824419677595, 2.2301257038835574
0.053953953953953956, 2.5498777658031933, 2.947075096543549, 2.2210576146023566
0.05405405405405406, 2.5538665327411185, 2.9522287664889224, 2.211994677979008
0.05415415415415416, 2.5577619124862125, 2.9572882927807953, 2.2029377286974143
0.05425425425425426, 2.5615666755824025, 2.9622564344445923, 2.1938875739398185
0.05435435435435436, 2.5652834926909946, 2.967135850542911, 2.1848449945236923
0.05445445445445446, 2.5689149386890477, 2.971929104272848, 2.1758107459794815
0.05455455455455456, 2.5724634965928788, 2.976638666888452, 2.1667855595725607
0.054654654654654654, 2.575931561313294, 2.9812669214549046, 2.1577701432725704
0.054754754754754754, 2.579321443249071, 2.9858161664409475, 2.148765182673122
0.054854854854854855, 2.582635371725114, 2.990288619155978, 2.139771341864687
0.054954954954954956, 2.585875498281574, 2.9946864190381115, 2.1307892642633157
0.055055055055055056, 2.5890438998200827, 2.999011630799355, 2.1218195733976937
0.05515515515515516, 2.5921425816130905, 3.003266247433879, 2.1128628736568733
0.05525525525525526, 2.5951734801821167, 3.007452193095207, 2.103919751000909
0.05535535535535536, 2.5981384660505515, 3.0115713258479473, 2.0949907736364657
0.05545545545545546, 2.6010393463764516, 3.015625440299521, 2.0860764926593762
0.05555555555555556, 2.603877867470591, 3.0196162701171425, 2.077177442665985
0.05565565565565566, 2.6066557172048284, 3.023545490435116, 2.0682941423350227
0.05575575575575576, 2.6093745273156665, 3.027414720157323, 2.059427094981646
0.05585585585585586, 2.612035875607693, 3.031225524159585, 2.0505767890851834
0.05595595595595596, 2.6146412880613887, 3.034979415396403, 2.041743698792041
0.056056056056056056, 2.6171922408496298, 3.038677856916378, 2.0329282843951293
0.056156156156156156, 2.6196901622670024, 3.0423222637904517, 2.0241309927911026
0.05625625625625626, 2.622136434575896, 3.0459140049569187, 2.0153522579166165
0.05635635635635636, 2.6245323957731514, 3.0494544049870007, 2.006592501164749
0.05645645645645646, 2.6268793412808904, 3.052944745774593, 1.997852131782657
0.05655655655655656, 2.6291785255649778, 3.056386268153649, 1.9891315472514792
0.05665665665665666, 2.6314311636844243, 3.0597801734465033, 1.9804311336494418
0.05675675675675676, 2.6336384327748794, 3.063127624946285, 1.9717512659990633
0.05685685685685686, 2.635801473469227, 3.066429749336432, 1.9630923085993057
0.05695695695695696, 2.6379213912581516, 3.069687638050179, 1.9544546153434703
0.05705705705705706, 2.6399992577934146, 3.072902348572755, 1.9458385300235896
0.05715715715715716, 2.642036112136454, 3.0760749056889054, 1.9372443866220241
0.05725725725725726, 2.6440329619547938, 3.079206302678218, 1.9286725095909363
0.05735735735735736, 2.6459907846686357, 3.082297502460644, 1.9201232141202673
0.05745745745745746, 2.6479105285498954, 3.085349438694453, 1.9115968063948168
0.05755755755755756, 2.649793113775836, 3.088363016828796, 1.9030935838409822
0.05765765765765766, 2.651639433439356, 3.0913391151129153, 1.8946138353636937
0.05775775775775776, 2.653450354517877, 3.094278585563966, 1.8861578415740377
0.05785785785785786, 2.6552267188027114, 3.097182254895305, 1.877725875008047
0.05795795795795796, 2.6569693437906605, 3.1000509254070296, 1.8693182003371014
0.05805805805805806, 2.658679023539559, 3.102885375840451, 1.8609350745703568
0.05815815815815816, 2.660356529489357, 3.1056863621981132, 1.8525767472496069
0.05825825825825826, 2.6620026112502835, 3.108454618530896, 1.8442434606369453
0.05835835835835836, 2.6636179973595473, 3.1111908576936576, 1.8359354498955924
0.058458458458458464, 2.6652033960079713, 3.1138957720708142, 1.8276529432642128
0.058558558558558564, 2.666759495737883, 3.116570034273179, 1.8193961622250476
0.058658658658658665, 2.668286966113527, 3.1192142978073236, 1.8111653216661576
0.05875875875875876, 2.669786458365201, 3.121829197718674, 1.8029606300380634
0.05885885885885886, 2.671258606008264, 3.1244153512094734, 1.7947822895050476
0.05895895895895896, 2.672704025438107, 3.1269733582327235, 1.786630496091378
0.05905905905905906, 2.6741233165021345, 3.1295038020631263, 1.7785054398226858
0.05915915915915916, 2.675517063049738, 3.1320072498460383, 1.7704073048627291
0.05925925925925926, 2.676885833461222, 3.1344842531253723, 1.762336269645759
0.05935935935935936, 2.678230181156573, 3.1369353483513485, 1.7542925070046833
0.05945945945945946, 2.6795506450849356, 3.1393610573689648, 1.7462761842952341
0.05955955955955956, 2.6808477501956207, 3.1417618878879985, 1.738287463516309
0.059659659659659664, 2.6821220078914205, 3.1441383339353233, 1.7303265014266658
0.059759759759759765, 2.683373916464981, 3.1464908762902932, 1.722393449658133
0.059859859859859865, 2.6846039615189414, 3.148819982903896, 1.714488454825491
0.059959959959959966, 2.6858126163705243, 3.151126109302368, 1.7066116586331697
0.06006006006006006, 2.6870003424412165, 3.1534096989759064, 1.6987631979789062
0.06016016016016016, 2.6881675896321666, 3.1556711837531055, 1.6909432050544904
0.06026026026026026, 2.6893147966858844, 3.157910984161707, 1.6831518074437257
0.06036036036036036, 2.69044239153481, 3.1601295097762225, 1.6753891282177233
0.06046046046046046, 2.6915507916372854, 3.1623271595529743, 1.6676552860276448
0.06056056056056056, 2.6926404043014482, 3.164504322153063, 1.6599503951949965
0.06066066066066066, 2.6937116269975343, 3.1666613762537557, 1.6522745657995788
0.060760760760760764, 2.694764847659057, 3.1687986908487646, 1.6446279037651885
0.060860860860860864, 2.6958004449733153, 3.17091662553786, 1.6370105109431645
0.060960960960960965, 2.6968187886616555, 3.173015530806249, 1.6294224851938606
0.061061061061061066, 2.697820239749896, 3.1750957482941367, 1.6218639204661327
0.061161161161161166, 2.6988051508293065, 3.177157611056842, 1.614334906874917
0.06126126126126127, 2.6997738663085156, 3.1792014438158627, 1.6068355307769726
0.06136136136136137, 2.700726722656702, 3.1812275632012375, 1.5993658748448585
0.06146146146146146, 2.7016640486384165, 3.183236277985546, 1.5919260181392165
0.06156156156156156, 2.7025861655403545, 3.18522788930988, 1.5845160361794186
0.06166166166166166, 2.7034933873903952, 3.1872026909020934, 1.5771360010126427
0.06176176176176176, 2.7043860211692103, 3.189160969287636, 1.569785981281434
0.061861861861861864, 2.705264367014721, 3.191103003993254, 1.5624660422898058
0.061961961961961964, 2.7061287184196834, 3.193029067743833, 1.5551762460679328
0.062062062062062065, 2.706979362422664, 3.194939426652645, 1.5479166514354874
0.062162162162162166, 2.70781657979265, 3.196834340405257, 1.5406873140636643
0.062262262262262266, 2.7086406452075487, 3.1987140624373334, 1.5334882865359403
0.06236236236236237, 2.709451827426789, 3.200578840106572, 1.5263196184076107
0.06246246246246247, 2.710250389458261, 3.2024289148589875, 1.5191813562641452
0.06256256256256257, 2.711036588719796, 3.2042645223897597, 1.5120735437783988
0.06266266266266267, 2.711810677195394, 3.2060858927988476, 1.5049962217667177
0.06276276276276277, 2.7125729015863884, 3.2078932507415647, 1.497949428243975
0.06286286286286287, 2.713323503457744, 3.209686815574303, 1.4909331984775682
0.06296296296296297, 2.7140627193796503, 3.211466801495582, 1.4839475650404133
0.06306306306306307, 2.714790781064599, 3.2132334176826007, 1.4769925578629624
0.06316316316316317, 2.7155079155000985, 3.2149868684234484, 1.4700682042842776
0.06326326326326327, 2.716214345077187, 3.2167273532451417, 1.463174529102188
0.06336336336336337, 2.716910287714894, 3.218455067037634, 1.4563115546225542
0.06346346346346346, 2.7175959569807957, 3.220170200173945, 1.4494793007076685
0.06356356356356356, 2.7182715622078053, 3.2218729386265466, 1.4426777848238133
0.06366366366366366, 2.7189373086073276, 3.2235634640801494, 1.435907022088003
0.06376376376376376, 2.719593397378911, 3.2252419540410044, 1.4291670253139284
0.06386386386386386, 2.7202400258165125, 3.2269085819428565, 1.4224578050571262
0.06396396396396396, 2.720877387411507, 3.22856351724966, 1.415779369659396
0.06406406406406406, 2.7215056719525395, 3.2302069255551773, 1.4091317252924804
0.06416416416416416, 2.722125065622339, 3.2318389686795657, 1.4025148760010275
0.06426426426426426, 2.7227357510915944, 3.2334598047630596, 1.395928823744858
0.06436436436436437, 2.7233379076099977, 3.2350695883568497, 1.3893735684405466
0.06446446446446447, 2.723931711094545, 3.2366684705112565, 1.3828491080023406
0.06456456456456457, 2.724517334215194, 3.2382565988612932, 1.3763554383824266
0.06466466466466467, 2.7250949464779644, 3.239834117709706, 1.3698925536105622
0.06476476476476477, 2.725664714305566, 3.241401168107582, 1.3634604458330881
0.06486486486486487, 2.7262268011156414, 3.242957887932602, 1.3570591053513321
0.06496496496496497, 2.726781367396699, 3.24450441196503, 1.3506885206594204
0.06506506506506507, 2.7273285707818156, 3.2460408719615, 1.3443486784815055
0.06516516516516517, 2.727868566120177, 3.2475673967266925, 1.3380395638084284
0.06526526526526527, 2.7284015055465383, 3.2490841121829606, 1.3317611599338208
0.06536536536536537, 2.7289275385486556, 3.2505911414379782, 1.325513448489663
0.06546546546546547, 2.729446812032771, 3.2520886048504782, 1.3192964094813053
0.06556556556556557, 2.7299594703872057, 3.2535766200941425, 1.313110021321967
0.06566566566566567, 2.730465655544119, 3.2550553022197057, 1.306954260866719
0.06576576576576577, 2.7309655070395005, 3.256524763715336, 1.3008291034459618
0.06586586586586587, 2.731459162071445, 3.257985114565346, 1.2947345228984088
0.06596596596596598, 2.731946755556767, 3.2594364623072862, 1.288670491603583
0.06606606606606608, 2.7324284201860087, 3.2608789120874864, 1.2826369805138347
0.06616616616616616, 2.7329042864768827, 3.2623125667150816, 1.2766339591858926
0.06626626626626626, 2.733374482826214, 3.2637375267145825, 1.2706613958119506
0.06636636636636636, 2.7338391355604132, 3.2651538903770336, 1.2647192572503032
0.06646646646646646, 2.7342983689845317, 3.266561753809806, 1.2588075090555362
0.06656656656656657, 2.734752305429945, 3.2679612109850704, 1.2529261155082765
0.06666666666666667, 2.7352010653007026, 3.2693523537869917, 1.2470750396445127
0.06676676676676677, 2.7356447671185804, 3.2707352720576877, 1.2412542432844913
0.06686686686686687, 2.7360835275668887, 3.272110053641991, 1.2354636870611948
0.06696696696696697, 2.7365174615330545, 3.2734767844310544, 1.22970333044841
0.06706706706706707, 2.7369466821500303, 3.2748355484048357, 1.2239731317883904
0.06716716716716717, 2.737371300836556, 3.2761864276734984, 1.2182730483191218
0.06726726726726727, 2.737791427336307, 3.277529502517762, 1.2126030362011933
0.06736736736736737, 2.7382071697559653, 3.2788648514282372, 1.2069630505442848
0.06746746746746747, 2.7386186346022448, 3.280192551143779, 1.2013530454332702
0.06756756756756757, 2.739025926817894, 3.281512676688888, 1.195772973953948
0.06766766766766767, 2.739429149816714, 3.282825301410186, 1.1902227882184004
0.06776776776776777, 2.739828405517618, 3.2841304970120073, 1.1847024393899879
0.06786786786786787, 2.7402237943777505, 3.2854283335911183, 1.179211877707985
0.06796796796796797, 2.740615415424707, 3.2867188796706053, 1.1737510525118608
0.06806806806806807, 2.741003366287869, 3.2880022022329527, 1.16831991226521
0.06816816816816818, 2.7413877432288807, 3.289278366752336, 1.1629184045793381
0.06826826826826828, 2.7417686411712947, 3.2905474372261554, 1.1575464762365093
0.06836836836836838, 2.742146153729405, 3.2918094762058363, 1.1522040732128538
0.06846846846846848, 2.7425203732362924, 3.293064544826916, 1.1468911407009494
0.06856856856856858, 2.7428913907710997, 3.2943127028384405, 1.141607623132072
0.06866866866866868, 2.7432592961855633, 3.2955540086316986, 1.1363534641981259
0.06876876876876878, 2.7436241781298154, 3.296788519268302, 1.1311286068732558
0.06886886886886887, 2.7439861240774808, 3.2980162905076487, 1.125932993435143
0.06896896896896897, 2.744345220350079, 3.2992373768337724, 1.1207665654859937
0.06906906906906907, 2.7447015521407603, 3.300451831481609, 1.1156292639732195
0.06916916916916917, 2.745055203537384, 3.301659706462697, 1.1105210292098167
0.06926926926926927, 2.74540625754496, 3.3028610525903206, 1.1054418008944464
0.06936936936936937, 2.74575479610747, 3.304055919504127, 1.1003915181312212
0.06946946946946947, 2.7461009001290804, 3.3052443556942257, 1.0953701194491996
0.06956956956956957, 2.746444649494766, 3.306426408524787, 1.0903775428215952
0.06966966966966967, 2.746786123090358, 3.3076021242571576, 1.0854137256847
0.06976976976976977, 2.7471253988220297, 3.308771548072513, 1.08047860495653
0.06986986986986987, 2.747462553635233, 3.309934724094046, 1.0755721170551917
0.06996996996996997, 2.747797663533099, 3.3110916954087295, 1.0706941979169773
0.07007007007007007, 2.7481308035943193, 3.3122425040886427, 1.0658447830141906
0.07017017017017017, 2.748462047990515, 3.3133871912118966, 1.061023807372705
0.07027027027027027, 2.7487914700031073, 3.314525796883155, 1.0562312055892586
0.07037037037037037, 2.749119142039703, 3.315658360253776, 1.0514669118484912
0.07047047047047048, 2.749445135650004, 3.3167849195415764, 1.046730859939722
0.07057057057057058, 2.7497695215412534, 3.317905512050238, 1.0420229832734769
0.07067067067067068, 2.7500923695932262, 3.3190201741883643, 1.037343214897762
0.07077077077077078, 2.7504137488727762, 3.3201289414882043, 1.0326914875140927
0.07087087087087088, 2.7507337276479515, 3.321231848624046, 1.0280677334932775
0.07097097097097098, 2.751052373401683, 3.322328929430296, 1.02347188489096
0.07107107107107108, 2.7513697528450596, 3.323420216919252, 1.0189038734629239
0.07117117117117118, 2.751685931930195, 3.3245057432985843, 1.014363630680161
0.07127127127127128, 2.7520009758626998, 3.325585539988534, 1.0098510877437101
0.07137137137137138, 2.7523149491137646, 3.326659637638828, 1.005366175599261
0.07147147147147148, 2.7526279154318587, 3.327728066145336, 1.0009088249515372
0.07157157157157157, 2.7529399378540593, 3.3287908546664626, 0.9964789662784516
0.07167167167167167, 2.7532510787170152, 3.329848031639302, 0.9920765298450419
0.07177177177177177, 2.7535613996675505, 3.330899624795543, 0.987701445717187
0.07187187187187187, 2.753870961672919, 3.331945661177144, 0.9833536437751087
0.07197197197197197, 2.754179825030717, 3.332986167151788, 0.9790330537266596
0.07207207207207207, 2.754488049378454, 3.3340211684281194, 0.9747396051204009
0.07217217217217217, 2.7547956937028015, 3.3350506900707724, 0.9704732273584729
0.07227227227227227, 2.7551028163485083, 3.336074756515199, 0.966233849709259
0.07237237237237237, 2.7554094750270064, 3.3370933915823007, 0.9620214013198488
0.07247247247247247, 2.7557157268247012, 3.3381066184928794, 0.9578358112282995
0.07257257257257257, 2.756021628210957, 3.3391144598818987, 0.9536770083757008
0.07267267267267268, 2.756327235045785, 3.3401169378125775, 0.9495449216180445
0.07277277277277278, 2.7566326025872314, 3.3411140737903153, 0.9454394797379015
0.07287287287287288, 2.7569377854984864, 3.3421058887764543, 0.941360611455908
0.07297297297297298, 2.7572428378546983, 3.3430924032018874, 0.9373082454420647
0.07307307307307308, 2.757547813149518, 3.344073636980513, 0.9332823103268504
0.07317317317317318, 2.7578527643013677, 3.34504960952255, 0.9292827347121523
0.07327327327327328, 2.7581577436594387, 3.3460203397477115, 0.9253094471820157
0.07337337337337338, 2.7584628030094307, 3.346985846098244, 0.9213623763132155
0.07347347347347348, 2.758767993579028, 3.347946146551839, 0.917441450685651
0.07357357357357358, 2.7590733660431237, 3.3489012586344185, 0.9135465988925671
0.07367367367367368, 2.7593789705287923, 3.3498511994328046, 0.9096777495506043
0.07377377377377378, 2.7596848566200216, 3.3507959856072747, 0.9058348313096788
0.07387387387387388, 2.7599910733621953, 3.351735633404, 0.9020177728626952
0.07397397397397398, 2.7602976692663486, 3.3526701586673866, 0.8982265029550947
0.07407407407407408, 2.7606046923131826, 3.353599576852309, 0.8944609503942388
0.07417417417417418, 2.7609121899568554, 3.3545239030362493, 0.8907210440586354
0.07427427427427427, 2.7612202091285463, 3.3554431519313384, 0.8870067129070028
0.07437437437437437, 2.761528796239799, 3.35635733789631, 0.8833178859871786
0.07447447447447447, 2.7618379971856504, 3.3572664749483683, 0.8796544924448739
0.07457457457457457, 2.7621478573475406, 3.358170576774967, 0.8760164615322744
0.07467467467467467, 2.7624584215960213, 3.359069656745516, 0.8724037226164927
0.07477477477477477, 2.7627697342932516, 3.3599637279230024, 0.8688162051878693
0.07487487487487487, 2.7630818392952947, 3.3608528030755465, 0.8652538388681288
0.07497497497497498, 2.7633947799542167, 3.3617368946878785, 0.8617165534183917
0.07507507507507508, 2.7637085991199872, 3.362616014972751, 0.8582042787470421
0.07517517517517518, 2.764023339142193, 3.363490175882286, 0.8547169449174553
0.07527527527527528, 2.7643390418715588, 3.3643593891192554, 0.8512544821555867
0.07537537537537538, 2.7646557486612866, 3.3652236661483035, 0.8478168208574239
0.07547547547547548, 2.7649735003682134, 3.366083018207112, 0.8444038915963022
0.07557557557557558, 2.7652923373537885, 3.3669374563175025, 0.8410156251300877
0.07567567567567568, 2.76561229948488, 3.367786991296491, 0.8376519524082288
0.07577577577577578, 2.7659334261344064, 3.3686316337672855, 0.8343128045786777
0.07587587587587588, 2.766255756181805, 3.369471394170233, 0.8309981129946835
0.07597597597597598, 2.76657932801333, 3.37030628277372, 0.8277078092214594
0.07607607607607608, 2.766904179522194, 3.371136309685022, 0.8244418250427251
0.07617617617617618, 2.767230348108549, 3.371961484861108, 0.8212000924671269
0.07627627627627628, 2.767557870679316, 3.372781818119401, 0.8179825437345347
0.07637637637637638, 2.7678867836478553, 3.3735973191484927, 0.8147891113222223
0.07647647647647648, 2.7682171229335015, 3.374407997518815, 0.811619727950927
0.07657657657657659, 2.7685489239609398, 3.375213862693271, 0.8084743265907947
0.07667667667667669, 2.7688822216594513, 3.3760149240378263, 0.8053528404672097
0.07677677677677679, 2.7692170504620144, 3.3768111908320573, 0.8022552030665117
0.07687687687687689, 2.7695534443042753, 3.3776026722796595, 0.7991813481416009
0.07697697697697697, 2.7698914366233827, 3.3783893775189204, 0.7961312097174335
0.07707707707707707, 2.770231060356696, 3.3791713156331498, 0.7931047220964079
0.07717717717717718, 2.770572347940371, 3.3799484956610737, 0.7901018198636458
0.07727727727727728, 2.770915331307823, 3.380720926607187, 0.7871224378921661
0.07737737737737738, 2.771260041888067, 3.3814886174520726, 0.7841665113479556
0.07747747747747748, 2.771606510603951, 3.3822515771626804, 0.7812339756949374
0.07757757757757758, 2.771954767870273, 3.3830098147025653, 0.7783247666998379
0.07767767767767768, 2.772304843591793, 3.383763339042089, 0.7754388204369546
0.07777777777777778, 2.772656767161138, 3.3845121591685836, 0.7725760732928257
0.07787787787787788, 2.77301056745661, 3.3852562840964717, 0.7697364619708028
0.07797797797797798, 2.7733662728398922, 3.3859957228773543, 0.766919923495528
0.07807807807807808, 2.7737239111536667, 3.386730484610048, 0.7641263952173171
0.07817817817817818, 2.7740835097191385, 3.387460578450589, 0.761355814816451
0.07827827827827828, 2.774445095333475, 3.3881860136221897, 0.7586081203073745
0.07837837837837838, 2.7748086942671635, 3.388906799425156, 0.7558832500428057
0.07847847847847848, 2.775174332261288, 3.389622945246757, 0.7531811427177568
0.07857857857857858, 2.775542034524733, 3.3903344605710504, 0.7505017373734676
0.07867867867867868, 2.7759118257313147, 3.3910413549886647, 0.7478449734012519
0.07877877877877879, 2.7762837300168437, 3.391743638206523, 0.7452107905462605
0.07887887887887889, 2.7766577709761298, 3.3924413200575305, 0.7425991289111593
0.07897897897897899, 2.777033971659918, 3.393134410510201, 0.740009928959726
0.07907907907907909, 2.7774123545717795, 3.393822919678236, 0.7374431315203646
0.07917917917917919, 2.7777929416649396, 3.394506857830046, 0.7348986777895409
0.07927927927927929, 2.778175754339069, 3.3951862353982176, 0.7323765093351385
0.07937937937937939, 2.7785608134370245, 3.3958610629889217, 0.7298765680997378
0.07947947947947949, 2.7789481392415536, 3.3965313513912605, 0.7273987964038178
0.07957957957957958, 2.779337751471961, 3.3971971115865527, 0.7249431369488831
0.07967967967967968, 2.7797296692807474, 3.397858354757555, 0.7225095328205171
0.07977977977977978, 2.7801239112502185, 3.3985150922976177, 0.720097927491361
0.07987987987987988, 2.7805204953890756, 3.399167335819767, 0.7177082648240221
0.07997997997997998, 2.780919439128982, 3.3998150971657193, 0.7153404890739102
0.08008008008008008, 2.781320759321121, 3.400458388414819, 0.7129945448920058
0.08018018018018018, 2.781724472232744, 3.401097221892903, 0.7106703773275571
0.08028028028028028, 2.782130593543709, 3.401731610181082, 0.7083679318307127
0.08038038038038038, 2.7825391383430227, 3.402361566124441, 0.7060871542550846
0.08048048048048048, 2.7829501211253875, 3.4029871028406546, 0.7038279908602478
0.08058058058058058, 2.783363555787754, 3.4036082337285176, 0.7015903883141744
0.08068068068068068, 2.7837794556258872, 3.4042249724763782, 0.6993742936956047
0.08078078078078078, 2.784197833330951, 3.4048373330704824, 0.6971796544963554
0.08088088088088088, 2.784618700986116, 3.405445329803223, 0.6950064186235674
0.08098098098098098, 2.7850420700631915, 3.4060489772812805, 0.6928545344018916
0.08108108108108109, 2.785467951419294, 3.40664829043367, 0.6907239505756164
0.08118118118118119, 2.7858963552935463, 3.407243284519675, 0.6886146163107363
0.08128128128128129, 2.786327291303822, 3.407833975136676, 0.6865264811969629
0.08138138138138139, 2.7867607684435325, 3.4084203782278606, 0.6844594952496794
0.08148148148148149, 2.7871967950784686, 3.409002510089823, 0.6824136089118396
0.08158158158158159, 2.7876353789436945, 3.409580387380037, 0.6803887730558117
0.08168168168168169, 2.7880765271405026, 3.4101540271242126, 0.6783849389851692
0.08178178178178179, 2.7885202461334337, 3.4107234467235186, 0.6764020584364274
0.08188188188188189, 2.7889665417473672, 3.4112886639616775, 0.6744400835807299
0.08198198198198199, 2.789415419164684, 3.4118496970119288, 0.6724989670254825
0.08208208208208209, 2.789866882922512, 3.412406564443851, 0.6705786618159376
0.08218218218218219, 2.790320936910055, 3.4129592852300403, 0.6686791214367289
0.08228228228228228, 2.790777584366007, 3.413507878752648, 0.6668002998133584
0.08238238238238238, 2.7912368278760664, 3.414052364809769, 0.664942151313635
0.08248248248248248, 2.791698669370544, 3.4145927636216746, 0.6631046307490672
0.08258258258258258, 2.792163110122077, 3.415129095836892, 0.6612876933762093
0.08268268268268268, 2.7926301507434514, 3.415661382538121, 0.659491294897963
0.08278278278278278, 2.7930997911855338, 3.416189645247989, 0.6577153914648353
0.08288288288288288, 2.793572030735326, 3.4167139059346394, 0.6559599396761517
0.08298298298298298, 2.794046868014139, 3.4172341870171445, 0.6542248965812292
0.08308308308308308, 2.7945243009758953, 3.41775051137075, 0.6525102196805047
0.08318318318318318, 2.7950043269055604, 3.4182629023319357, 0.6508158669266257
0.08328328328328329, 2.7954869424177144, 3.4187713837032976, 0.6491417967254987
0.08338338338338339, 2.795972143455261, 3.4192759797582415, 0.647487967937299
0.08348348348348349, 2.7964599252882842, 3.4197767152454874, 0.6458543398774432
0.08358358358358359, 2.796950282513054, 3.4202736153933873, 0.6442408723175223
0.08368368368368369, 2.797443209051185, 3.4207667059140343, 0.6426475254861989
0.08378378378378379, 2.797938698148955, 3.4212560130071847, 0.6410742600700688
0.08388388388388389, 2.798436742376786, 3.4217415633639683, 0.6395210372144867
0.08398398398398399, 2.7989373336288925, 3.4222233841703957, 0.6379878185243574
0.08408408408408409, 2.799440463123099, 3.4227015031106545, 0.6364745660648932
0.08418418418418419, 2.7999461214008354, 3.4231759483701927, 0.6349812423623389
0.08428428428428429, 2.800454298327308, 3.423646748638588, 0.6335078104046644
0.08438438438438439, 2.8009649830918573, 3.4241139331121917, 0.6320542336422252
0.08448448448448449, 2.8014781642084996, 3.424577531496554, 0.6306204759883931
0.0845845845845846, 2.8019938295166615, 3.425037574008626, 0.6292065018201561
0.0846846846846847, 2.8025119661821045, 3.4254940913787286, 0.6278122759786903
0.0847847847847848, 2.803032560698051, 3.4259471148522933, 0.6264377637699011
0.0848848848848849, 2.8035555988865104, 3.426396676191368, 0.6250829309649394
0.08498498498498498, 2.804081065899806, 3.4268428076758854, 0.6237477438006885
0.08508508508508508, 2.8046089462223147, 3.4272855421046966, 0.6224321689802261
0.08518518518518518, 2.8051392236724118, 3.4277249127963594, 0.6211361736732594
0.08528528528528528, 2.805671881404632, 3.428160953589684, 0.6198597255165363
0.08538538538538538, 2.8062069019120477, 3.428593698844034, 0.6186027926142327
0.08548548548548549, 2.8067442670288587, 3.4290231834393796, 0.6173653435383143
0.08558558558558559, 2.807283957933213, 3.4294494427761024, 0.616147347328878
0.08568568568568569, 2.8078259551502454, 3.429872512774545, 0.6149487734944695
0.08578578578578579, 2.8083702385553404, 3.4302924298743127, 0.6137695920123806
0.08588588588588589, 2.808916787377627, 3.430709231033317, 0.612609773328924
0.08598598598598599, 2.8094655802037005, 3.4311229537265686, 0.6114692883596903
0.08608608608608609, 2.810016594981576, 3.4315336359447057, 0.6103481084897838
0.08618618618618619, 2.8105698090248756, 3.4319413161922734, 0.6092462055740401
0.08628628628628629, 2.8111251990172494, 3.432346033485736, 0.6081635519372252
0.08638638638638639, 2.811682741017033, 3.4327478273512373, 0.6071001203742179
0.08648648648648649, 2.8122424104621406, 3.4331467378220952, 0.6060558841501749
0.08658658658658659, 2.8128041821751975, 3.433542805436039, 0.6050308170006794
0.08668668668668669, 2.813368030368908, 3.433936071232187, 0.6040248931318744
0.0867867867867868, 2.813933928651666, 3.4343265767477615, 0.6030380872205813
0.0868868868868869, 2.8145018500334014, 3.434714364014543, 0.6020703744144036
0.086986986986987, 2.8150717669316685, 3.4350994755550657, 0.6011217303318173
0.0870870870870871, 2.8156436511779743, 3.4354819543785537, 0.6001921310622479
0.0871871871871872, 2.8162174740243437, 3.4358618439765936, 0.5992815531661355
0.0872872872872873, 2.816793206150125, 3.436239188318558, 0.5983899736749871
0.0873873873873874, 2.8173708176690346, 3.4366140318467653, 0.5975173700914181
0.0874874874874875, 2.8179502781364376, 3.436986419471382, 0.5966637203891826
0.0875875875875876, 2.818531556556868, 3.437356396565076, 0.5958290030131942
0.08768768768768768, 2.819114621391781, 3.437724008957416, 0.5950131968795366
0.08778778778778779, 2.819699440567543, 3.4380893029290136, 0.5942162813754649
0.08788788788788789, 2.8202859814836496, 3.438452325205427, 0.5934382363593992
0.08798798798798799, 2.8208742110211813, 3.4388131229508065, 0.5926790421609094
0.08808808808808809, 2.821464095551482, 3.4391717437613054, 0.5919386795806929
0.08818818818818819, 2.822055600945068, 3.4395282356582406, 0.5912171298905454
0.08828828828828829, 2.82264869258076, 3.4398826470810215, 0.5905143748333249
0.08838838838838839, 2.823243335355037, 3.4402350268798365, 0.5898303966229104
0.08848848848848849, 2.823839493691611, 3.4405854243081087, 0.589165177944154
0.08858858858858859, 2.8244371315512193, 3.4409338890147247, 0.5885187019528296
0.08868868868868869, 2.8250362124416246, 3.44128047103603, 0.5878909522755758
0.08878878878878879, 2.8256366994278315, 3.4416252207876106, 0.5872819130098351
0.08888888888888889, 2.8262385551425067, 3.441968189055845, 0.5866915687237905
0.08898898898898899, 2.8268417417966005, 3.4423094269892545, 0.5861199044562972
0.0890890890890891, 2.827446221190171, 3.4426489860896328, 0.5855669057168135
0.0891891891891892, 2.8280519547234, 3.442986918202973, 0.5850325584853274
0.0892892892892893, 2.828658903407803, 3.443323275510196, 0.5845168492122838
0.0893893893893894, 2.8292670278776217, 3.4436581105176756, 0.5840197648185076
0.0894894894894895, 2.829876288401402, 3.443991476047578, 0.5835412926951279
0.0895895895895896, 2.8304866448937456, 3.444323425228015, 0.5830814207035002
0.0896896896896897, 2.8310980569272366, 3.4446540114830104, 0.5826401371751291
0.0897897897897898, 2.831710483744535, 3.444983288522295, 0.5822174309115902
0.0898898898898899, 2.8323238842706284, 3.44531131033093, 0.5818132911844534
0.08998998998999, 2.8329382171252466, 3.4456381311587676, 0.5814277077352056
0.0900900900900901, 2.833553440635421, 3.4459638055097495, 0.5810606707751762
0.0901901901901902, 2.834169512848191, 3.446288388131057, 0.5807121709854619
0.0902902902902903, 2.8347863915434544, 3.4466119340021106, 0.5803821995168548
0.09039039039039039, 2.8354040342469427, 3.446934498323433, 0.5800707479897712
0.09049049049049049, 2.836022398243332, 3.447256136505376, 0.5797778084941837
0.09059059059059059, 2.8366414405894704, 3.4475769041567235, 0.579503373589555
0.09069069069069069, 2.837261118127721, 3.4478968570731685, 0.5792474363047738
0.09079079079079079, 2.837881387499415, 3.448216051225684, 0.5790099901380955
0.09089089089089089, 2.8385022051584037, 3.4485345427487823, 0.5787910290570839
0.09099099099099099, 2.839123527384708, 3.448852387928674, 0.5785905474985574
0.09109109109109109, 2.8397453102982575, 3.449169643191336, 0.5784085403685388
0.09119119119119119, 2.8403675098727064, 3.4494863650904977, 0.5782450030422076
0.0912912912912913, 2.8409900819493292, 3.44980261029554, 0.5780999313638575
0.0913913913913914, 2.841612982250983, 3.450118435579335, 0.5779733216468571
0.0914914914914915, 2.8422361663961255, 3.45043389780601, 0.5778651706736149
0.0915915915915916, 2.842859589912897, 3.4507490539186643, 0.5777754756955483
0.0916916916916917, 2.8434832082532364, 3.451063960927036, 0.5777042344330576
0.0917917917917918, 2.844106976807045, 3.451378675895126, 0.5776514450755033
0.0918918918918919, 2.8447308509163802, 3.451693255928787, 0.5776171062811885
0.091991991991992, 2.845354785889673, 3.4520077581632918, 0.5776012171773461
0.0920920920920921, 2.845978737015961, 3.4523222397508775, 0.5776037773601304
0.0921921921921922, 2.8466026595791365, 3.452636757848286, 0.5776247868946122
0.0922922922922923, 2.847226508872192, 3.452951369604296, 0.5776642463147805
0.0923923923923924, 2.8478502402114634, 3.453266132147263, 0.5777221566235472
0.0924924924924925, 2.8484738089508626, 3.4535811025726706, 0.5777985192927568
0.0925925925925926, 2.849097170496087, 3.4538963379307015, 0.5778933362632014
0.0926926926926927, 2.849720280318807, 3.4542118952138376, 0.5780066099446388
0.0927927927927928, 2.8503430939708134, 3.454527831344495, 0.5781383432158166
0.0928928928928929, 2.850965567098131, 3.4548442031627045, 0.5782885394244994
0.092992992992993, 2.8515876554550785, 3.4551610674138393, 0.5784572023875012
0.09309309309309309, 2.8522093149182743, 3.4554784807363994, 0.5786443363907211
0.09319319319319319, 2.8528305015005797, 3.4557964996498667, 0.5788499461891838
0.09329329329329329, 2.853451171364973, 3.45611518054263, 0.579074037007084
0.09339339339339339, 2.8540712808383475, 3.456434579659989, 0.5793166145378341
0.09349349349349349, 2.8546907864252216, 3.456754753092251, 0.5795776849441155
0.0935935935935936, 2.8553096448213657, 3.457075756762915, 0.5798572548579342
0.0936936936936937, 2.855927812927327, 3.457397646416962, 0.5801553313806785
0.0937937937937938, 2.8565452478618516, 3.4577204776092514, 0.5804719220831811
0.0938938938938939, 2.8571619069751963, 3.4580443056930386, 0.5808070350057822
0.093993993993994, 2.857777747862325, 3.458369185808606, 0.581160678658397
0.0940940940940941, 2.858392728375981, 3.4586951728720305, 0.5815328620205846
0.0941941941941942, 2.8590068066396315, 3.4590223215640803, 0.5819235945416192
0.0942942942942943, 2.859619941060274, 3.4593506863192593, 0.5823328861405633
0.0943943943943944, 2.8602320903411056, 3.459680321314996, 0.5827607472063421
0.0944944944944945, 2.860843213494043, 3.4600112804609866, 0.5832071885978192
0.0945945945945946, 2.8614532698520905, 3.4603436173887014, 0.5836722216438739
0.0946946946946947, 2.8620622190815497, 3.4606773854410533, 0.584155858143478
0.0947947947947948, 2.8626700211940674, 3.4610126376622397, 0.5846581103657742
0.0948948948948949, 2.8632766365585125, 3.461349426787763, 0.5851789910501527
0.094994994994995, 2.8638820259126816, 3.4616878052346314, 0.5857185134063294
0.0950950950950951, 2.864486150374826, 3.462027825091752, 0.5862766911144217
0.0951951951951952, 2.8650889714549916, 3.46236953811051, 0.5868535383250238
0.0952952952952953, 2.8656904510661803, 3.4627129956955542, 0.5874490696592809
0.0953953953953954, 2.866290551535307, 3.4630582488957766, 0.5880633002089601
0.0954954954954955, 2.8668892356139724, 3.4634053483955065, 0.5886962455365203
0.0955955955955956, 2.867486466489027, 3.463754344505913, 0.5893479216751787
0.0956956956956957, 2.868082207792937, 3.4641052871566207, 0.5900183451289734
0.0957957957957958, 2.868676423613938, 3.4644582258875536, 0.5907075328728241
0.0958958958958959, 2.869269078505982, 3.4648132098409907, 0.5914155023525862
0.095995995995996, 2.8698601374984647, 3.465170287753861, 0.5921422714851028
0.0960960960960961, 2.870449566105743, 3.4655295079502597, 0.5928878586582496
0.0961961961961962, 2.8710373303364256, 3.465890918334205, 0.5936522827309751
0.0962962962962963, 2.8716233967024443, 3.466254566382627, 0.5944355630333353
0.0963963963963964, 2.8722077322278987, 3.466620499138602, 0.5952377193665203
0.0964964964964965, 2.872790304457674, 3.466988763204822, 0.5960587720028748
0.0965965965965966, 2.8733710814658298, 3.46735940473732, 0.5968987416859116
0.0966966966966967, 2.8739500318637554, 3.4677324694394334, 0.5977576496303152
0.0967967967967968, 2.8745271248080932, 3.468108002556018, 0.5986355175219381
0.0968968968968969, 2.875102330008429, 3.4684860488679217, 0.5995323675177876
0.096996996996997, 2.875675617734744, 3.468866652686701, 0.6004482222460023
0.0970970970970971, 2.87624695882463, 3.4692498578495985, 0.6013831048058187
0.0971971971971972, 2.8768163246902674, 3.469635707714776, 0.6023370387675273
0.0972972972972973, 2.8773836873251653, 3.4700242451568055, 0.6033100481724157
0.0973973973973974, 2.877949019310661, 3.4704155125624143, 0.6043021575327012
0.0974974974974975, 2.8785122938221814, 3.4708095518264943, 0.60531339183145
0.0975975975975976, 2.8790734846352635, 3.4712064043483695, 0.6063437765224828
0.0976976976976977, 2.8796325661313356, 3.4716061110283207, 0.6073933375302675
0.0977977977977978, 2.88018951330326, 3.472008712264377, 0.608462101249796
0.0978978978978979, 2.880744301760638, 3.472414247949363, 0.6095500945464475
0.09799799799799801, 2.8812969077348725, 3.4728227574682053, 0.6106573447558344
0.09809809809809811, 2.881847308083999, 3.4732342796955056, 0.6117838796836333
0.09819819819819821, 2.882395480297274, 3.473648852993368, 0.6129297276053978
0.09829829829829831, 2.882941402499535, 3.474066515209486, 0.6140949172663539
0.09839839839839841, 2.883485053455316, 3.474487303675492, 0.6152794778811781
0.0984984984984985, 2.884026412572744, 3.474911255205559, 0.6164834391337551
0.0985985985985986, 2.884565459907194, 3.4753384060952612, 0.6177068311769168
0.0986986986986987, 2.8851021761647178, 3.4757687921206926, 0.6189496846321606
0.0987987987987988, 2.8856365427052477, 3.4762024485378338, 0.6202120305893464
0.0988988988988989, 2.8861685415455742, 3.4766394100821767, 0.621493900606373
0.098998998998999, 2.886698155362099, 3.477079710968595, 0.6227953267088313
0.0990990990990991, 2.8872253674933694, 3.477523384891469, 0.6241163413896345
0.0991991991991992, 2.8877501619423938, 3.4779704650250527, 0.6254569776086251
0.0992992992992993, 2.888272523378743, 3.478420984024088, 0.6268172687921568
0.0993993993993994, 2.8887924371404394, 3.4788749740246607, 0.6281972488326524
0.0994994994994995, 2.8893098892356344, 3.479332466645302, 0.629596952088134
0.0995995995995996, 2.8898248663440818, 3.479793492988317, 0.6310164133817293
0.0996996996996997, 2.8903373558184065, 3.480258083641365, 0.6324556680011477
0.0997997997997998, 2.8908473456851738, 3.480726268679255, 0.6339147516981308
0.0998998998998999, 2.891354824645763, 3.481198077665986, 0.6353937006878729
0.1, 2.8918597820770473, 3.4816735396570087, 0.6368925516484125
