t, psi, phi, theta
0.0, 0.0, 0.0, 0.7853981633974483
0.0004008016032064128, 0.03113443966589408, -0.0009885013416939304, 0.755400278162216
0.0008016032064128256, 0.06484847580592981, -0.005445361526213207, 0.725927875714225
0.0012024048096192384, 0.10148770010278055, -0.01365121054035096, 0.6971633122269715
0.0016032064128256513, 0.1414107874433963, -0.025899368189559256, 0.6693063674527353
0.002004008016032064, 0.18497844361155538, -0.04248500777150957, 0.6425761465608983
0.002404809619238477, 0.23253630941779876, -0.06368822667126559, 0.6172123507645774
0.0028056112224448897, 0.28439029696248097, -0.08974950572847284, 0.5934753958246247
0.0032064128256513026, 0.34077332280730493, -0.12083652787240792, 0.5716446940084688
0.0036072144288577155, 0.40180369108907193, -0.15700261427490889, 0.5520142959818911
0.004008016032064128, 0.467437758028433, -0.19813941414685862, 0.5348851035185042
0.004408817635270541, 0.5374229750953463, -0.24392994956802555, 0.5205531306126949
0.004809619238476954, 0.6112612776019203, -0.29381198575823847, 0.5092939150600698
0.0052104208416833666, 0.6881954052664065, -0.34696431660992494, 0.5013441702796305
0.0056112224448897794, 0.7672297737590409, -0.4023275876161754, 0.49688292263500095
0.006012024048096192, 0.8471912130717993, -0.45866497526201516, 0.49601527709725857
0.006412825651302605, 0.9268239630910345, -0.5146571167665025, 0.49876207870610545
0.006813627254509018, 1.0049018435309254, -0.5690142111969466, 0.5050577903430207
0.007214428857715431, 1.0803341846542724, -0.6205818824307643, 0.5147570847309894
0.007615230460921844, 1.152244445758638, -0.6684197349169273, 0.5276486277907977
0.008016032064128256, 1.2200101287402885, -0.711841213238182, 0.5434731047785608
0.008416833667334669, 1.2832644652076344, -0.7504152472910336, 0.5619421626814403
0.008817635270541082, 1.3418691744707012, -0.7839389835501893, 0.5827555285818675
0.009218436873747494, 1.395871005729238, -0.8123943189134242, 0.6056146598483975
0.009619238476953907, 1.4454535803399324, -0.8358997564502058, 0.630232389609968
0.01002004008016032, 1.490892514014211, -0.8546655667874122, 0.656338839167127
0.010420841683366733, 1.5325179973638698, -0.8689564379584076, 0.6836842977081465
0.010821643286573146, 1.5706860810187226, -0.8790628648983481, 0.7120398895049324
0.011222444889779559, 1.605758126968713, -0.8852807457238363, 0.7411967802107576
0.011623246492985972, 1.638087058224578, -0.8878978228482647, 0.7709645230188112
0.012024048096192385, 1.6680088335220764, -0.8871854019971606, 0.8011689812706876
0.012424849699398798, 1.6958377000190006, -0.8833939086860496, 0.8316501212104161
0.01282565130260521, 1.7218640375870224, -0.8767511024360175, 0.8622598585663118
0.013226452905811623, 1.7463538880248026, -0.8674620485975874, 0.8928600645964364
0.013627254509018036, 1.7695495117245759, -0.8557101963722473, 0.9233207854680721
0.014028056112224449, 1.7916705135581454, -0.8416591099878633, 0.9535186965257099
0.014428857715430862, 1.8129152303173097, -0.8254545491468813, 0.9833357941660049
0.014829659318637275, 1.8334621808860805, -0.8072267016931555, 1.0126583180844815
0.015230460921843688, 1.8534714569022945, -0.7870924452815433, 1.0413758921786773
0.0156312625250501, 1.8730859844662517, -0.7651575640706525, 1.0693808711127522
0.01603206412825651, 1.8924326233761457, -0.7415188779422032, 1.0965678799269731
0.016432865731462926, 1.9116230946946395, -0.7162662607534368, 1.122833535110114
0.016833667334669337, 1.9307547439886688, -0.6894845345323937, 1.1480763366028113
0.017234468937875752, 1.94991115897529, -0.6612552311412423, 1.1721967208626203
0.017635270541082163, 1.9691626682919348, -0.6316582137991219, 1.195097265154558
0.018036072144288578, 1.988566753758539, -0.6007731494814426, 1.2166830325064795
0.01843687374749499, 2.0081684123842, -0.5686808207555238, 1.23686204524991
0.018837675350701404, 2.028000506707396, -0.535464263003875, 1.255545872799036
0.019238476953907815, 2.048084142818881, -0.5012097110020247, 1.2726503164285954
0.01963927855711423, 2.0684291144315092, -0.46600733810647343, 1.2880961705003824
0.02004008016032064, 2.0890344484179924, -0.4299517723854543, 1.3018100361389435
0.020440881763527055, 2.109889082170449, -0.39314237724067513, 1.3137251601147781
0.020841683366733466, 2.1309726959131114, -0.355683289561487, 1.3237822690445353
0.02124248496993988, 2.152256713894845, -0.3176832161096959, 1.3319303673561516
0.021643286573146292, 2.17370547762261, -0.27925499826007205, 1.3381274671500867
0.022044088176352707, 2.1952775826453306, -0.24051496575304343, 1.342341219388306
0.022444889779559118, 2.2169273587464855, -0.20158211086388125, 1.34454941890217
0.022845691382765532, 2.238606462764295, -0.16257712433881435, 1.3447403605051524
0.023246492985971944, 2.2602655446423356, -0.12362134257288777, 1.3429130298220195
0.023647294589178358, 2.2818559415942925, -0.08483566092195725, 1.339077119927406
0.02404809619238477, 2.3033313530484705, -0.0463394701563007, 1.3332528730128486
0.024448897795591184, 2.324649450553538, -0.008249671613802984, 1.325470754485232
0.024849699398797595, 2.3457733819232014, 0.029320178217386264, 1.3157709745450001
0.02525050100200401, 2.3666731370249083, 0.06626055063085694, 1.3042028788702484
0.02565130260521042, 2.3873267529499134, 0.10246642177030205, 1.290824235138227
0.026052104208416832, 2.4077213478413357, 0.13783752113219994, 1.2757004455106509
0.026452905811623247, 2.4278539843816365, 0.1722783394466932, 1.2589037168360997
0.026853707414829658, 2.447732374933057, 0.20569789357498575, 1.2405122202943102
0.027254509018036072, 2.467375449864591, 0.23800925409181364, 1.220609270774393
0.027655310621242483, 2.4868138182168122, 0.2691288471409713, 1.199282553787128
0.028056112224448898, 2.5060901553335286, 0.29897554579455027, 1.176623424551052
0.02845691382765531, 2.52525955542436, 0.32746956760692236, 1.152726300453937
0.028857715430861724, 2.5443898883613434, 0.3545311946462989, 1.127688164730406
0.029258517034068135, 2.563562199566951, 0.38007933049706016, 1.1016081962071245
0.02965931863727455, 2.5828711898048304, 0.40402990618003953, 1.0745875375690386
0.03006012024048096, 2.6024258080999063, 0.4262941443862825, 1.046729212933869
0.030460921843687375, 2.6223499857302275, 0.44677668976005386, 1.0181382046476923
0.030861723446893786, 2.6427835317538775, 0.46537361330654775, 0.9889216991110779
0.0312625250501002, 2.6638831998977253, 0.4819703027689691, 0.9591895120035172
0.031663326653306616, 2.6858239212419126, 0.49643925994031624, 0.9290547042758045
0.03206412825651302, 2.7088001745342964, 0.5086378429914609, 0.8986344013580864
0.03246492985971944, 2.7330274325957578, 0.5184060206630067, 0.8680508285975627
0.03286573146292585, 2.7587435741476947, 0.5255642505713014, 0.8374325750723872
0.03326653306613227, 2.7862100789271116, 0.5299116624558889, 0.8069160942017888
0.033667334669338675, 2.81571272190407, 0.5312248270996691, 0.7766474408797023
0.03406813627254509, 2.84756134041538, 0.5292575321379619, 0.7467842280095025
0.034468937875751504, 2.882088058284927, 0.5237421747600567, 0.7174977559750253
0.03486973947895792, 2.9196431110914474, 0.5143936206718781, 0.6889752209996963
0.035270541082164326, 2.960587139021445, 0.5009166561909487, 0.6614218358058938
0.03567134268537074, 3.0052785444637506, 0.483018429701502, 0.635062592259617
0.036072144288577156, 3.054054346551955, 0.4604274438484112, 0.6101432586765698
0.03647294589178357, 3.107203088127309, 0.43292053696301064, 0.5869300425136048
0.03687374749498998, 3.1649290363545264, 0.4003586069083895, 0.5657071916759242
0.03727454909819639, 3.2273084995736427, 0.36273024969981654, 0.5467717164465117
0.03767535070140281, 3.29424179957392, 0.3201997692014634, 0.5304244888301225
0.03807615230460922, 3.3654081321232487, 0.27315232108888743, 0.516957338230629
0.03847695390781563, 3.440234269065872, 0.22222523424904242, 0.5066364989002788
0.038877755511022044, 3.5178898815766915, 0.16831272682399367, 0.4996838319361549
0.03927855711422846, 3.5973198547858987, 0.11253364354733437, 0.49625837750432544
0.039679358717434866, 3.6773160935152305, 0.05615971135993254, 0.49644151627316924
0.04008016032064128, 3.756619686700869, 0.0005134420907260909, 0.5002288451526886
0.040480961923847696, 3.8340337476595203, -0.053144638873834985, 0.5075306261410756
0.04088176352705411, 3.908523262866159, -0.1037157746754757, 0.5181807028064839
0.04128256513026052, 3.979283112973541, -0.15033093744241052, 0.5319518567094927
0.04168336673346693, 4.0457663587091055, -0.19237906335704116, 0.5485744313135751
0.04208416833667335, 4.107676317548727, -0.22949909149163333, 0.5677549835803013
0.04248496993987976, 4.164933288847668, -0.2615466672139023, 0.5891925125632506
0.04288577154308617, 4.217628679165495, -0.28854826513155074, 0.6125909595419031
0.043286573146292584, 4.265977151805833, -0.31065335915238274, 0.6376677160685665
0.043687374749499, 4.3102736348339805, -0.32809147795213445, 0.664158573875745
0.04408817635270541, 4.350858399918752, -0.341137362764965, 0.6918198784641167
0.04448897795591182, 4.388090825133122, -0.35008484574674364, 0.7204287007420864
0.044889779559118236, 4.422330978533368, -0.3552285913578183, 0.7497817392386839
0.04529058116232465, 4.453927544663219, -0.3568522290004126, 0.779693505253265
0.045691382765531065, 4.4832105347390945, -0.3552213240871113, 0.8099941830396113
0.04609218436873747, 4.510487401193709, -0.350579814872556, 0.8405274232933914
0.04649298597194389, 4.536041452407043, -0.343148817547715, 0.8711482278671571
0.0468937875751503, 4.5601317380540705, -0.3331269764595184, 0.9017210139280493
0.047294589178356716, 4.58299381063805, -0.3206917708766771, 0.9321179003373389
0.047695390781563124, 4.604840953447189, -0.30600137338292765, 0.9622172311761633
0.04809619238476954, 4.625865602758974, -0.28919679098641815, 0.9919023355085462
0.04849699398797595, 4.646240790607639, -0.27040411631419053, 1.0210605143995997
0.04889779559118237, 4.66612150331202, -0.2497367821686001, 1.0495822428531196
0.049298597194388775, 4.685645898221247, -0.22729775616913644, 1.0773605736654868
0.04969939879759519, 4.704936353218582, -0.20318163958860264, 1.1042907308459333
0.050100200400801605, 4.724100345253212, -0.17747665065331547, 1.130269881345909
0.05050100200400802, 4.743231168986269, -0.15026648105028328, 1.155197074811093
0.05090180360721443, 4.762408516894019, -0.12163201772907567, 1.1789733415688004
0.05130260521042084, 4.781698949393402, -0.09165292216504918, 1.201501938885559
0.051703406813627256, 4.801156288651508, -0.06040905745449547, 1.2226887345747317
0.052104208416833664, 4.820821973166821, -0.027981751023176786, 1.2424427152897084
0.05250501002004008, 4.840725412099881, 0.005545121771778734, 1.26067660437269
0.05290581162324649, 4.8608843786057765, 0.040084249542857886, 1.2773075710908988
0.05330661322645291, 4.881305479889226, 0.0755442089110336, 1.292258009708848
0.053707414829659315, 4.901984738155922, 0.1118290156473955, 1.3054563634183014
0.05410821643286573, 4.922908310936433, 0.14883791400966134, 1.3168379650366586
0.054509018036072145, 4.944053371432862, 0.1864654092205884, 1.3263458639823713
0.05490981963927856, 4.965389159825785, 0.22460153981173595, 1.3339316077307746
0.05531062124248497, 4.9868782053762235, 0.26313237672885403, 1.3395559460832516
0.05571142284569138, 5.008477707406999, 0.3019407254015838, 1.343189428385898
0.056112224448897796, 5.030141051783533, 0.34090699635741123, 1.3448128674073705
0.05651302605210421, 5.051819429361429, 0.37991020044089013, 1.3444176488537345
0.05691382765531062, 5.073463515011902, 0.41882901727876026, 1.3420058722048345
0.05731462925851703, 5.095025161087705, 0.4575428811266548, 1.3375903162823404
0.05771543086172345, 5.116459058048317, 0.49593302714285736, 1.33119423116484
0.05811623246492986, 5.137724317554991, 0.5338834436019276, 1.3228509661526724
0.05851703406813627, 5.15878593939168, 0.5712816812851252, 1.312603450870732
0.058917835671342685, 5.179616132431089, 0.6080194796368427, 1.3005035527827449
0.0593186372745491, 5.200195470654015, 0.6439931793509445, 1.2866113390160467
0.059719438877755514, 5.220513876926167, 0.6791039018218742, 1.270994273275577
0.06012024048096192, 5.240571438836006, 0.7132574863523471, 1.2537263797537612
0.060521042084168336, 5.260379071531381, 0.7463641852831956, 1.234887405475946
0.06092184368737475, 5.279959051511785, 0.7783381246620119, 1.2145620107423984
0.061322645290581165, 5.299345452341528, 0.8090965433307796, 1.1928390146009282
0.06172344689378757, 5.318584518097139, 0.8385588263016412, 1.1698107190038909
0.06212424849699399, 5.337735013098408, 0.8666453491671509, 1.145572331853408
0.0625250501002004, 5.356868587271156, 0.8932761494254067, 1.1202215058584364
0.06292585170340681, 5.376070195564175, 0.9183694385213655, 1.093858007290486
0.06332665330661323, 5.3954386073517275, 0.9418399657748897, 1.0665835265282932
0.06372745490981964, 5.41508703770414, 0.963597242973134, 1.038501640842669
0.06412825651302605, 5.435143926556689, 0.9835436371996822, 1.009717939228
0.06452905811623247, 5.455753883535261, 1.0015723406425614, 0.9803403191910971
0.06492985971943888, 5.477078804378101, 1.0175652312206391, 0.9504794661232008
0.06533066132264528, 5.499299147704822, 1.0313906489980311, 0.920249526950945
0.0657314629258517, 5.522615335581461, 1.042901133424479, 0.8897689907643368
0.06613226452905811, 5.547249203967538, 1.0519311994532516, 0.8591617893835752
0.06653306613226453, 5.573445374263831, 1.058295281976933, 0.828558629302812
0.06693386773547094, 5.601472337776027, 1.0617860547667823, 0.7980985615360078
0.06733466933867735, 5.6316229321922675, 1.0621734408585248, 0.7679307852135305
0.06773547094188377, 5.664213734021716, 1.0592047851414128, 0.738216660802376
0.06813627254509018, 5.699582686395609, 1.0526068636246504, 0.7091318748421059
0.06853707414829659, 5.738084028459014, 1.0420906565889347, 0.6808686439665447
0.06893787575150301, 5.780079310928154, 1.027360094359019, 0.653637764943092
0.06933867735470942, 5.825923029877816, 1.008126237050594, 0.6276702039997129
0.06973947895791584, 5.875941306061884, 0.9841284546750181, 0.6032177728622785
0.07014028056112225, 5.930402293005927, 0.9551639184603844, 0.5805522740102719
0.07054108216432865, 5.989477906748142, 0.9211258050697152, 0.5599623513803446
0.07094188376753507, 6.053198367605933, 0.8820487184380466, 0.5417472278555033
0.07134268537074148, 6.121404088427419, 0.8381567904153185, 0.5262066566253935
0.07174348697394789, 6.193703286508868, 0.7899060792063083, 0.5136268790278892
0.07214428857715431, 6.269447104714447, 0.7380094766457375, 0.5042632271030794
0.07254509018036072, 6.3477348485265255, 0.6834315144514492, 0.49832113369034897
0.07294589178356714, 6.427457980886997, 0.6273444244251084, 0.4959383818091158
0.07334669338677355, 6.507382220423958, 0.5710461036335202, 0.4971719308182938
0.07374749498997996, 6.586255171215446, 0.5158525526965656, 0.5019921680312134
0.07414829659318638, 6.6629177782009155, 0.46298648907483825, 0.5102859194576848
0.07454909819639279, 6.736396465207205, 0.41348527434930077, 0.5218675145286821
0.07494989979959919, 6.805959890383157, 0.3681442168731123, 0.5364954409219688
0.07535070140280561, 6.87113593115147, 0.3274996342057681, 0.5538912875792947
0.07575150300601202, 6.931695102308637, 0.29184546849575416, 0.5737578968240215
0.07615230460921844, 6.9876123491241575, 0.2612715098355913, 0.5957945940831733
0.07655310621242485, 7.039019660894025, 0.23571077882720642, 0.6197085181610558
0.07695390781563126, 7.086159101486605, 0.21498646813772748, 0.6452220308904127
0.07735470941883768, 7.129341966568059, 0.19885272917671923, 0.6720767704979512
0.07775551102204409, 7.168916405107124, 0.18702696156830254, 0.7000351486434203
0.0781563126252505, 7.205243581041258, 0.17921352426062873, 0.7288800868583051
0.07855711422845692, 7.238681261361644, 0.1751199762535637, 0.7584136611621374
0.07895791583166333, 7.2695732870104, 0.1744673843549148, 0.7884551590616863
0.07935871743486973, 7.298243401567917, 0.17699621647643482, 0.8188388988553021
0.07975951903807615, 7.324992134492761, 0.1824691170298506, 0.8494120369504812
0.08016032064128256, 7.35009571679117, 0.19067157991240147, 0.8800324979869989
0.08056112224448898, 7.3738062727615, 0.20141126913394347, 0.910567100598696
0.08096192384769539, 7.396352752178745, 0.2145165171102416, 0.9408899119740299
0.0813627254509018, 7.41794223764746, 0.22983436144757674, 0.9708808405143945
0.08176352705410822, 7.438761387126986, 0.24722835752141137, 1.0004244626988892
0.08216432865731463, 7.458977860603217, 0.26657631760159956, 1.0294090738181558
0.08256513026052104, 7.478741641731423, 0.28776806863776583, 1.0577259498429328
0.08296593186372746, 7.498186207539627, 0.31070328262086194, 1.085268807524301
0.08336673346693386, 7.517429527930172, 0.33528940974369265, 1.111933450677349
0.08376753507014029, 7.536574896139273, 0.3614397309688538, 1.1376175917040974
0.0841683366733467, 7.555711604606215, 0.38907153985560233, 1.1622208382741008
0.0845691382765531, 7.5749154899535345, 0.41810446126754486, 1.1856448353997702
0.08496993987975952, 7.594249377314013, 0.4484589151752951, 1.2077935527461767
0.08537074148296593, 7.613763458821517, 0.4800547358954614, 1.2285737058287354
0.08577154308617234, 7.633495644060623, 0.5128099597546485, 1.247895297787913
0.08617234468937876, 7.6534719217059735, 0.5466397964995313, 1.2656722657795576
0.08657314629258517, 7.673706771355017, 0.5814558010904015, 1.28182321285423
0.08697394789579159, 7.694203662461098, 0.6171652622418444, 1.2962722027690072
0.087374749498998, 7.714955673111098, 0.6536708217859771, 1.3089495918008638
0.0877755511022044, 7.735946255065606, 0.690870334397522, 1.3197928686845048
0.08817635270541083, 7.757150163070011, 0.7286569704392735, 1.3287474716751089
0.08857715430861723, 7.778534556266228, 0.7669195559362634, 1.3357675508163016
0.08897795591182364, 7.800060268157588, 0.8055431335219214, 1.3408166440899654
0.08937875751503006, 7.821683229809614, 0.8444097174234164, 1.3438682384388236
0.08977955911823647, 7.8433560197792325, 0.883399205143606, 1.34490619073395
0.09018036072144288, 7.865029504682888, 0.9223903994898663, 1.3439249894791583
0.0905811623246493, 7.886654527286496, 0.9612620879541303, 1.340929845096335
0.09098196392785571, 7.908183595265114, 0.9998941228968887, 1.3359366045598322
0.09138276553106213, 7.929572523721718, 1.0381684459370415, 1.3289714943816004
0.09178356713426854, 7.950781988197732, 1.0759700034074025, 1.3200707038898165
0.09218436873747494, 7.971778951848975, 1.1131875063027916, 1.3092798278270694
0.09258517034068137, 7.992537939983356, 1.1497139971009214, 1.2966531930564766
0.09298597194388777, 8.013042146315625, 1.1854471962207023, 1.282253098293993
0.09338677354709418, 8.033284367061917, 1.2202896116623396, 1.2661489981493246
0.0937875751503006, 8.053267770396937, 1.254148405567792, 1.2484166634003186
0.09418837675350701, 8.073006519018099, 1.2869350202390528, 1.2291373485443495
0.09458917835671343, 8.092526272025678, 1.3185645729928956, 1.2083969955766027
0.09498997995991984, 8.111864598714982, 1.3489550338312513, 1.1862855000166914
0.09539078156312625, 8.131071341099426, 1.3780262022556338, 1.1628960618374116
0.09579158316633267, 8.150208964135805, 1.4056984998794075, 1.1383246405164378
0.09619238476953908, 8.169352932899882, 1.4318915942128403, 1.1126695302553289
0.09659318637274548, 8.188592154568935, 1.4565228666830812, 1.086031068742463
0.0969939879759519, 8.208029520133094, 1.4795057353020267, 1.0585114908513604
0.09739478957915831, 8.227782576224307, 1.500747840240337, 1.030214937457067
0.09779559118236474, 8.247984350980452, 1.5201490999144183, 1.0012476291343977
0.09819639278557114, 8.268784348703763, 1.5375996473225422, 0.9717182148021587
0.09859719438877755, 8.290349714919062, 1.5529776629675447, 0.9417383062281734
0.09899799599198397, 8.312866554224403, 1.5661471340859394, 0.9114232104129036
0.09939879759519038, 8.336541354991171, 1.5769555932590626, 0.880892872740219
0.09979959919839679, 8.361602433160892, 1.5852319271992519, 0.8502730436580852
0.10020040080160321, 8.388301246188355, 1.5907844044674146, 0.8196966793374943
0.10060120240480962, 8.41691334009549, 1.5933991565249903, 0.7893055804635899
0.10100200400801604, 8.44773856842979, 1.5928394689153584, 0.7592522603509383
0.10140280561122245, 8.481100053001278, 1.5888464071208204, 0.729702010083064
0.10180360721442885, 8.517341136916512, 1.5811415202867274, 0.7008350892326203
0.10220440881763528, 8.556819315686797, 1.5694326304070159, 0.672848909477721
0.10260521042084168, 8.59989585075869, 1.5534239959438692, 0.6459599884085067
0.10300601202404809, 8.646919544463206, 1.5328323643667972, 0.6204053275396152
0.10340681362725451, 8.698203129678292, 1.5074104541124647, 0.5964427149555948
0.10380761523046092, 8.753991138471426, 1.4769789959151722, 0.5743492882630209
0.10420841683366733, 8.814419277994736, 1.4414672999581024, 0.5544175644614822
0.10460921843687375, 8.879467573070082, 1.4009600846611168, 0.5369481341749455
0.10501002004008016, 8.948912879043736, 1.3557449593133089, 0.5222384449777728
0.10541082164328658, 9.02229025445895, 1.3063510673313607, 0.5105676732121803
0.10581162324649299, 9.098875593938214, 1.2535664864255283, 0.5021786303309445
0.1062124248496994, 9.177701544856909, 1.1984223589641636, 0.4972588032709138
0.10661322645290582, 9.257613147290746, 1.1421373098587833, 0.495923588902287
0.10701402805611222, 9.337359147179413, 1.0860261985549695, 0.4982050320008574
0.10741482965931863, 9.41570320950918, 1.031388974507863, 0.5040485687426187
0.10781563126252505, 9.491531979956514, 0.979402683664013, 0.5133185379756582
0.10821643286573146, 9.56393812773131, 0.9310384892079516, 0.5258111802313212
0.10861723446893788, 9.632265474772485, 0.8870165976905864, 0.5412723055347097
0.10901803607214429, 9.696115237043742, 0.8478000614061412, 0.5594162913473922
0.1094188376753507, 9.755321824749627, 0.8136190070429793, 0.5799435544212999
0.10981963927855712, 9.80991077467373, 0.7845127142494518, 0.6025547008291565
0.11022044088176353, 9.860050665903834, 0.7603776894572237, 0.6269606871600566
0.11062124248496993, 9.906007508528097, 0.7410132415577929, 0.6528891816509702
0.11102204408817636, 9.948106238505432, 0.7261599218894703, 0.6800877899325105
0.11142284569138276, 9.986700881259798, 0.7155292610968794, 0.7083249632809382
0.11182364729458918, 10.022153014371158, 0.7088251670715069, 0.7373893564195612
0.11222444889779559, 10.054817226944088, 0.7057582804914763, 0.7670882569448557
0.112625250501002, 10.085032004868465, 0.7060548524476143, 0.7972455434385908
0.11302605210420842, 10.11311456809234, 0.7094616114581943, 0.827699482682661
0.11342685370741483, 10.139358436587784, 0.7157478365024535, 0.8583005619740478
0.11382765531062124, 10.164032783550658, 0.7247055709609186, 0.8889094706484783
0.11422845691382766, 10.18738288875151, 0.7361486584040948, 0.9193952901395868
0.11462925851703407, 10.20963121089266, 0.7499110760450708, 0.9496339174356618
0.11503006012024049, 10.23097875437257, 0.765844886455728, 0.9795067265007062
0.1154308617234469, 10.251606519582705, 0.7838180163546385, 1.008899461344557
0.1158316633266533, 10.27167690609588, 0.8037119936817293, 1.0377013493857161
0.11623246492985972, 10.291334993558532, 0.8254197221754256, 1.0658044221575693
0.11663326653306613, 10.310709662871663, 0.8488433392197664, 1.0931030306385492
0.11703406813627254, 10.329914545826492, 0.8738921823573638, 1.1194935434788673
0.11743486973947896, 10.349048808734631, 0.9004808785267469, 1.144874217471224
0.11783567134268537, 10.368197787534143, 0.9285275648475054, 1.1691452303421535
0.11823647294589178, 10.387433500206079, 0.9579522485198008, 1.192208866064407
0.1186372745490982, 10.406815068246049, 0.9886753145608084, 1.213969842268124
0.1190380761523046, 10.426389083030076, 1.0206161924740758, 1.2343357679116547
0.11943887775551103, 10.446189955448087, 1.0536921955832699, 1.253217717196487
0.11983967935871744, 10.466240288149656, 1.0878175488660136, 1.2705309028895744
0.12024048096192384, 10.486551308999374, 1.1229026220314842, 1.2861954289452424
0.12064128256513026, 10.507123401660332, 1.158853383763147, 1.300137098869315
0.12104208416833667, 10.527946764437049, 1.19557109012172, 1.312288252977949
0.12144288577154308, 10.549002221560421, 1.2329522149039496, 1.3225886049557005
0.1218436873747495, 10.570262202130627, 1.2708886223595475, 1.3309860463068235
0.12224448897795591, 10.591691891337339, 1.3092679734386394, 1.337437386785535
0.12264529058116233, 10.613250546993402, 1.3479743463074156, 1.3419089999712677
0.12304609218436874, 10.634892962711504, 1.38688904109414, 1.3443773459846164
0.12344689378757515, 10.656571048224876, 1.425891528719125, 1.344829347917798
0.12384769539078157, 10.678235488326294, 1.4648604953871887, 1.3432626046975964
0.12424849699398798, 10.699837436338964, 1.5036749276804062, 1.3396854304635695
0.12464929859719438, 10.721330193906784, 1.5422151827044104, 1.3341167186073313
0.1250501002004008, 10.742670831836236, 1.5803639859587626, 1.3265856368391056
0.1254509018036072, 10.76382170994548, 1.6180073060955769, 1.3171311673916422
0.12585170340681362, 10.784751862226834, 1.655035062246984, 1.305801513212717
0.12625250501002003, 10.805438223634395, 1.6913416292137802, 1.2926533963107583
0.12665330661322646, 10.825866686250208, 1.726826116413519, 1.2777512780411968
0.12705410821643287, 10.846032984338104, 1.7613924071914735, 1.261166532973602
0.12745490981963928, 10.86594341892663, 1.7949489549606006, 1.2429766081535736
0.12785571142284569, 10.88561544232221, 1.8274083409131197, 1.2232641983042158
0.1282565130260521, 10.90507813083723, 1.8586866042538082, 1.2021164651355523
0.12865731462925853, 10.92437257977628, 1.8887023598419632, 1.1796243258338441
0.12905811623246494, 10.943552258329962, 1.91737571985799, 1.155881832379505
0.12945891783567134, 10.962683363611331, 1.944627035919766, 1.1309856599534573
0.12985971943887775, 10.981845212843119, 1.9703754764303703, 1.105034719640389
0.13026052104208416, 11.001130710857703, 1.9945374514510048, 1.0781299081533804
0.13066132264529057, 11.020646926689304, 2.017024894795024, 1.0503740055384203
0.131062124248497, 11.040515807992886, 2.0377434112069475, 1.0218717308400167
0.1314629258517034, 11.060875054871767, 2.056590296499325, 0.9927299655102215
0.13186372745490982, 11.081879164542084, 2.0734524417504514, 0.9630581548257914
0.13226452905811623, 11.103700643601753, 2.0882041409639185, 0.9329688985397411
0.13266533066132263, 11.126531363177698, 2.10070483749252, 0.9025787430892648
0.13306613226452907, 11.150584000491959, 2.110796871539747, 0.8720091883578023
0.13346693386773548, 11.176093463631775, 2.1183033339690582, 0.8413879213746274
0.13386773547094188, 11.203318128153574, 2.123026196812007, 0.8108502860802056
0.1342685370741483, 11.232540616587048, 2.1247449861967325, 0.7805409903873323
0.1346693386773547, 11.264067715551562, 2.12321639817524, 0.7506160361932648
0.13507014028056114, 11.298228841965953, 2.1181754401414414, 0.7212448305616758
0.13547094188376754, 11.335372236022302, 2.1093389137459013, 0.6926123914361403
0.13587174348697395, 11.375857784566245, 2.0964123289956715, 0.6649214923098938
0.13627254509018036, 11.420045103272923, 2.079101614498696, 0.6383944908620773
0.13667334669338677, 11.468275319983727, 2.057131175046898, 0.6132744536729092
0.13707414829659317, 11.520845073773915, 2.0302697758770734, 0.5898250293273883
0.1374749498997996, 11.577971838979506, 1.9983651387378818, 0.568328361458498
0.13787575150300602, 11.639751131193435, 1.9613866876223716, 0.5490802286482851
0.13827655310621242, 11.706108718671146, 1.9194733161418296, 0.5323816447025661
0.13867735470941883, 11.776754563002026, 1.8729794486410107, 0.5185264713481855
0.13907815631262524, 11.851149018740369, 1.8225088617929968, 0.5077852821197516
0.13947895791583168, 11.928494027231668, 1.7689235282021076, 0.500386750463877
0.13987975951903808, 12.007760289672495, 1.713316493853426, 0.49649898289702776
0.1402805611222445, 12.087754220969352, 1.6569449845849007, 0.4962140245373258
0.1406813627254509, 12.167217119035382, 1.6011313033689631, 0.4995387261293793
0.1410821643286573, 12.244937960592255, 1.5471501034340978, 0.506394045740038
0.1414829659318637, 12.319856172902309, 1.4961256837449417, 0.5166229492072175
0.14188376753507015, 12.391134475804021, 1.4489592085263032, 0.5300050989073695
0.14228456913827656, 12.458192321358338, 1.406295319893989, 0.5462752464859166
0.14268537074148296, 12.520702139867119, 1.368525931531857, 0.5651420413296244
0.14308617234468937, 12.578558615356634, 1.3358209771935805, 0.5863046706530582
0.14348697394789578, 12.631833770534138, 1.308173330818836, 0.6094658756274245
0.14388777555110221, 12.680728902753051, 1.2854468532240144, 0.6343409619514617
0.14428857715430862, 12.725530714877353, 1.2674202175141664, 0.6606631705517435
0.14468937875751503, 12.766575272999182, 1.2538228767648987, 0.6881861459241961
0.14509018036072144, 12.804220673931173, 1.244362286006805, 0.7166843208238993
0.14549098196392785, 12.838827694392608, 1.2387431010273124, 0.7459519479236778
0.14589178356713428, 12.87074698738481, 1.2366797824685707, 0.7758013524058088
0.1462925851703407, 12.9003112567411, 1.2379041678424236, 0.8060608171187323
0.1466933867735471, 12.927830999782083, 1.242169414902122, 0.8365723739996898
0.1470941883767535, 12.953592676904428, 1.2492514508608288, 0.8671896708244271
0.1474949899799599, 12.977858444757965, 1.258948784319987, 0.8977760089986995
0.14789579158316632, 13.000866830991978, 1.27108129597828, 0.9282025999195811
0.14829659318637275, 13.022833919720243, 1.285488433967652, 0.9583470576529821
0.14869739478957916, 13.04395476014547, 1.302027097873731, 0.9880921285488755
0.14909819639278557, 13.06440481378114, 1.3205693946228145, 1.0173246495383375
0.14949899799599198, 13.084341327934958, 1.3410003800612136, 1.0459347230231
0.14989979959919839, 13.103904572775964, 1.3632158540966233, 1.0738150953431993
0.15030060120240482, 13.123218913048099, 1.387120248112851, 1.1008607263486698
0.15070140280561123, 13.142393708340911, 1.412624625980791, 1.1269685386741914
0.15110220440881764, 13.161524051385626, 1.439644810683195, 1.1520373363255132
0.15150300601202404, 13.180691364589777, 1.4680996446801406, 1.1759678827607873
0.15190380761523045, 13.19996388257571, 1.4979093917273771, 1.1986631285671208
0.1523046092184369, 13.219397053825727, 1.5289942894795778, 1.2200285779806443
0.1527054108216433, 13.239033898165482, 1.5612732647501788, 1.239972781853944
0.1531062124248497, 13.258905358906732, 1.5946628258565156, 1.2584079422957772
0.1535070140280561, 13.279030688963347, 1.6290761482990104, 1.2752506112326731
0.15390781563126252, 13.299417908968714, 1.6644223704775725, 1.2904224617879256
0.15430861723446893, 13.3200643721461, 1.700606114745756, 1.3038511079329218
0.15470941883767536, 13.340957465267113, 1.7375272455243234, 1.3154709446922614
0.15511022044088177, 13.362075467473844, 1.7750808703394965, 1.3252239786680053
0.15551102204408818, 13.383388579249132, 1.8131575816755139, 1.3330606171807977
0.15591182364729458, 13.40486012285949, 1.8516439278748815, 1.3389403842536518
0.156312625250501, 13.426447903879025, 1.890423090688736, 1.342832533242253
0.15671342685370743, 13.448105711844665, 1.929375736390497, 1.3447165292607188
0.15711422845691383, 13.469784927556987, 1.9683809976121671, 1.3445823796126277
0.15751503006012024, 13.49143619720143, 2.007317535733705, 1.342430796978533
0.15791583166332665, 13.513011126366461, 2.046064626971099, 1.3382731877156226
0.15831663326653306, 13.534463947463847, 2.084503217579531, 1.3321314658469512
0.15871743486973947, 13.555753115251331, 2.122516890912475, 1.3240377014061278
0.1591182364729459, 13.57684279065887, 2.1599926977479456, 1.3140336193324822
0.1595190380761523, 13.59770418193359, 2.1968218080643784, 1.3021699714730701
0.15991983967935872, 13.61831672264389, 2.232899952566296, 1.2885058090887034
0.16032064128256512, 13.638669077719925, 2.2681276329994016, 1.273107686370649
0.16072144288577153, 13.658759980372349, 2.3024100908452936, 1.256048826823372
0.16112224448897797, 13.678598913531976, 2.3356570334541535, 1.2374082840941791
0.16152304609218437, 13.698206658708584, 2.367782124387029, 1.2172701272022879
0.16192384769539078, 13.717615742448785, 2.3987022502962745, 1.1957226774934646
0.1623246492985972, 13.736870815701023, 2.42833657995144, 1.172857821415399
0.1627254509018036, 13.756029004396948, 2.4566054321512456, 1.1487704197606858
0.16312625250501003, 13.775160270595368, 2.483428968594863, 1.123557830705204
0.16352705410821644, 13.794347822821308, 2.5087257258288598, 1.0973195610627653
0.16392785571142285, 13.813688611939375, 2.532410997785158, 1.0701570578893438
0.16432865731462926, 13.833293945060507, 2.554395077952152, 1.042173651029426
0.16472945891783566, 13.853290244387596, 2.5745813688016583, 1.0134746564503416
0.16513026052104207, 13.873819969997498, 2.5928643668790095, 0.9841676502234653
0.1655310621242485, 13.895042714282235, 2.6091275364486517, 0.9543629236588695
0.16593186372745491, 13.91713645941031, 2.6232410947941, 0.9241741311437309
0.16633266533066132, 13.940298965109559, 2.6350597509849676, 0.893719143277264
0.16673346693386773, 13.964749218540927, 2.644420470991429, 0.8631211183035432
0.16713426853707414, 13.99072882579219, 2.6511403906785347, 0.8325098036278565
0.16753507014028057, 14.018503148740855, 2.6550150712325706, 0.8020230748404096
0.16793587174348698, 14.048361883169335, 2.655817397395791, 0.7718087099137969
0.1683366733466934, 14.080618624800774, 2.6532975666847656, 0.7420263777034201
0.1687374749498998, 14.115608771990937, 2.6471848148167285, 0.7128497880280961
0.1691382765531062, 14.153684866336707, 2.637191769556483, 0.6844688994696296
0.1695390781563126, 14.195208192279669, 2.6230226052178085, 0.6570920038386034
0.16993987975951905, 14.240535195140867, 2.604386431775712, 0.6309473971538696
0.17034068136272545, 14.289997144427279, 2.581017485397628, 0.6062842049563663
0.17074148296593186, 14.343871661753962, 2.5527034950801384, 0.5833717658659228
0.17114228456913827, 14.402345540127184, 2.5193227931460496, 0.5624968252914155
0.17154308617234468, 14.465470035137647, 2.4808889840787605, 0.5439577190424327
0.1719438877755511, 14.533112709177306, 2.437599086156122, 0.5280548394163854
0.17234468937875752, 14.604913697558448, 2.3898772731094, 0.5150770949506448
0.17274549098196393, 14.680257833554451, 2.3384027753348495, 0.5052848726946476
0.17314629258517034, 14.758275365924373, 2.284109203917871, 0.4988911141350402
0.17354709418837674, 14.837880738665758, 2.2281458245875605, 0.49604321867046813
0.17394789579158318, 14.917850220473206, 2.171799990786609, 0.4968090962866473
0.1743486973947896, 14.996927323319305, 2.1163917927626894, 0.5011703437984484
0.174749498997996, 15.073935127147225, 2.0631618017205127, 0.5090241190224555
0.1751503006012024, 15.14787203872626, 2.0131753769325225, 0.5201932730029946
0.1755511022044088, 15.217973627565435, 1.9672608890484038, 0.5344424613289374
0.17595190380761522, 15.28373458874361, 1.9259878062184976, 0.5514969786626754
0.17635270541082165, 15.344895892644585, 1.8896795798151025, 0.5710611573535815
0.17675350701402806, 15.401408640399254, 1.858449807825821, 0.5928340536762718
0.17715430861723447, 15.453387244624171, 1.8322490530604718, 0.616521300221175
0.17755511022044088, 15.501062003023577, 1.81091224497956, 0.641842999194316
0.17795591182364728, 15.544737270792108, 1.7942004550938695, 0.6685381667244834
0.17835671342685372, 15.584757947108317, 1.7818343259877967, 0.6963665138260816
0.17875751503006013, 15.62148457975291, 1.7735188447312098, 0.7251083694658447
0.17915831663326653, 15.65527607632964, 1.7689604664948566, 0.7545634344378738
0.17955911823647294, 15.686478503671946, 1.7678781006424722, 0.7845488916225746
0.17995991983967935, 15.715418432260725, 1.7700094959965114, 0.8148972410219346
0.18036072144288576, 15.742399488117744, 1.7751143561466727, 0.8454540994274429
0.1807615230460922, 15.767701053548215, 1.7829752367742837, 0.8760761095055738
0.1811623246492986, 15.79157832823301, 1.7933970071274847, 0.9066290377433744
0.181563126252505, 15.814263189383883, 1.806205431211434, 0.9369860985267026
0.18196392785571142, 15.835965466355335, 1.8212452486702708, 0.9670265160388736
0.18236472945891782, 15.85687437577704, 1.8383780063426671, 0.9966343213429038
0.18276553106212426, 15.877159956381496, 1.857479800687275, 1.0256973748689104
0.18316633266533067, 15.896974407603533, 1.8784390294774849, 1.054106601724993
0.18356713426853707, 15.916453280453501, 1.9011542106935064, 1.081755426872287
0.18396793587174348, 15.935716499296467, 1.9255319012498051, 1.1085393979782923
0.1843687374749499, 15.954869213585887, 1.9514847334822178, 1.1343559848669489
0.18476953907815633, 15.974002492548372, 1.978929579822791, 1.1591045453980602
0.18517034068136273, 15.993193885499714, 2.0077858533824027, 1.182686448009628
0.18557114228456914, 16.012507877304692, 2.0379739524682923, 1.2050053408579575
0.18597194388777555, 16.031996273299775, 2.069413859054158, 1.2259675564071095
0.18637274549098196, 16.05169855117452, 2.1020239038507413, 1.245482638452138
0.18677354709418836, 16.071642218946778, 2.1357197130399816, 1.263463975990757
0.1871743486973948, 16.091843218165263, 2.170413353218639, 1.2798295252469427
0.1875751503006012, 16.112306409630314, 2.2060126910565145, 1.29450259773762
0.18797595190380761, 16.133026175036242, 2.2424209821642362, 1.307412688871938
0.18837675350701402, 16.15398716189225, 2.2795366994252864, 1.3184963185489198
0.18877755511022043, 16.175165190926155, 2.3172536045468863, 1.3276978529682464
0.18917835671342687, 16.196528335198597, 2.3554610580633044, 1.3349702757738378
0.18957915831663327, 16.21803816889222, 2.3940445530025136, 1.3402758770359595
0.18997995991983968, 16.239651171969182, 2.4328864466777054, 1.343586830663508
0.1903807615230461, 16.26132026556721, 2.4718668545496314, 1.3448856346942708
0.1907815631262525, 16.282996443026608, 2.5108646608967953, 1.3441653944359864
0.19118236472945893, 16.304630454777282, 2.5497585940921548, 1.3414299352992403
0.19158316633266534, 16.326174499433986, 2.5884283091756077, 1.3366937401327101
0.19198396793587175, 16.347583874832214, 2.6267554233540347, 1.3299817138581995
0.19238476953907815, 16.368818544877225, 2.664624448048083, 1.3213287864695251
0.19278557114228456, 16.38984458471807, 2.7019235712690244, 1.3107793725290044
0.19318637274549097, 16.41063547614492, 2.738545251167407, 1.298386711298232
0.1935871743486974, 16.431173236066403, 2.774386592131462, 1.2842121159858746
0.1939879759519038, 16.451449372669668, 2.8093494855995296, 1.2683241631887705
0.19438877755511022, 16.471465675363508, 2.843340508070812, 1.2507978544594172
0.19478957915831663, 16.491234855016657, 2.876270577815416, 1.2317137812329948
0.19519038076152304, 16.510781059718692, 2.90805437890084, 1.2111573223898369
0.19559118236472947, 16.53014029795586, 2.938609566048359, 1.1892179008863861
0.19599198396793588, 16.549360805594713, 2.9678557664648433, 1.1659883225549883
0.1963927855711423, 16.568503395476778, 2.9957133953625674, 1.1415642167288653
0.1967935871743487, 16.58764182893448, 3.0221023007788514, 1.1160435951232297
0.1971943887775551, 16.60686324735299, 3.0469402510915997, 1.0895265426585061
0.1975951903807615, 16.626268699165642, 3.0701412759774267, 1.06211505183125
0.19799599198396794, 16.645973793356216, 3.0916138692881225, 1.0339130109267298
0.19839679358717435, 16.666109504352676, 3.11125906141041, 1.0050263558482586
0.19879759519038076, 16.686823144446116, 3.1289683703591535, 0.975563395552913
0.19919839679358717, 16.708279507329404, 3.144621646762856, 0.9456353218764354
0.19959919839679358, 16.73066216806891, 3.158084840248013, 0.915356915623036
0.2, 16.75417489788116, 3.169207736576993, 0.8848474617325068
